EventID	ArrivalGlobalIdx	ArrivalTime_s	X_mm	Y_mm	LocateConf	MaxX	MaxY	DetectConf	HitCount
1	14138	0.004713	-157.930	241.019	0.807	0.817	0.797	0.992	10
2	23659	0.007886	-215.054	233.993	0.790	0.795	0.786	0.993	5
3	33431	0.011144	-176.564	205.584	0.899	0.922	0.877	0.994	10
4	64111	0.021370	-215.054	234.299	0.754	0.740	0.767	0.943	2
5	76715	0.025572	-169.844	230.022	0.733	0.805	0.662	0.987	9
6	91921	0.030640	-215.359	230.327	0.573	0.502	0.644	0.919	7
7	113617	0.037872	-168.011	229.717	0.651	0.697	0.604	0.991	4
8	114057	0.038019	-166.789	234.604	0.628	0.663	0.593	0.987	5
9	134101	0.044700	-214.748	233.993	0.810	0.794	0.827	0.996	4
10	170226	0.056742	-207.722	229.411	0.635	0.626	0.645	0.991	10
11	199887	0.066629	-209.250	229.106	0.555	0.489	0.622	0.993	9
12	241403	0.080468	-162.512	226.662	0.825	0.863	0.788	0.993	9
13	255194	0.085065	-96.530	-93.170	0.605	0.659	0.550	0.985	2
14	266340	0.088780	-170.760	227.578	0.678	0.708	0.648	0.984	9
15	278133	0.092711	233.688	-214.748	0.737	0.767	0.707	0.800	4
16	286661	0.095554	-160.985	236.437	0.684	0.696	0.672	0.990	10
17	297974	0.099325	-166.789	242.852	0.873	0.872	0.874	0.991	9
18	327774	0.109258	-166.178	236.742	0.668	0.712	0.625	0.989	9
19	347038	0.115679	-176.870	229.411	0.649	0.679	0.619	0.991	8
20	351166	0.117055	-215.054	233.993	0.731	0.697	0.766	0.714	9
21	365850	0.121950	-64.150	37.879	0.646	0.841	0.451	0.990	2
22	380381	0.126794	-157.930	242.241	0.729	0.670	0.788	0.951	2
23	382034	0.127345	-160.374	235.826	0.734	0.765	0.702	0.995	9
24	391187	0.130396	234.299	-221.163	0.701	0.787	0.615	0.989	9
25	503589	0.167863	-214.137	231.549	0.777	0.771	0.783	0.967	2
26	513612	0.171204	-143.573	235.826	0.758	0.796	0.720	0.885	9
27	514942	0.171647	-158.847	234.604	0.697	0.747	0.646	0.994	9
28	605538	0.201846	-156.708	228.189	0.804	0.854	0.754	0.991	9
29	643333	0.214444	-214.137	233.382	0.793	0.806	0.780	0.989	9
30	669670	0.223223	-154.875	241.630	0.827	0.845	0.808	0.994	9
31	684964	0.228321	234.299	-217.498	0.773	0.773	0.772	0.991	10
32	692645	0.230882	-224.218	229.411	0.495	0.452	0.538	0.901	2
33	696160	0.232053	-215.054	233.382	0.804	0.818	0.791	0.983	9
34	782904	0.260968	-214.137	233.077	0.816	0.827	0.806	0.990	7
35	866943	0.288981	-161.596	226.967	0.707	0.788	0.627	0.993	10
36	890003	0.296668	-156.708	237.048	0.718	0.761	0.674	0.983	9
37	974790	0.324930	-156.403	223.607	0.814	0.858	0.770	0.991	9
38	1004989	0.334996	-151.515	237.659	0.733	0.744	0.722	0.990	8
39	1040632	0.346877	-213.832	232.160	0.748	0.764	0.731	0.983	8
40	1043965	0.347988	-211.694	228.800	0.601	0.607	0.594	0.973	9
41	1188651	0.396217	234.299	-21.078	0.748	0.756	0.740	0.993	4
42	1219625	0.406542	-157.014	229.717	0.769	0.831	0.706	0.993	9
43	1267728	0.422576	-210.777	227.578	0.646	0.634	0.658	0.931	8
44	1274293	0.424764	30.242	-48.876	0.794	0.843	0.746	0.989	9
45	1289792	0.429931	-213.526	233.688	0.691	0.645	0.738	0.847	7
46	1347445	0.449148	-191.532	225.745	0.539	0.474	0.603	0.923	7
47	1417573	0.472524	95.308	-97.446	0.630	0.568	0.692	0.990	3
48	1449281	0.483094	-214.443	233.993	0.775	0.762	0.787	0.960	9
49	1500547	0.500182	-211.083	231.244	0.680	0.675	0.686	0.984	7
50	1597345	0.532448	-215.665	231.855	0.589	0.517	0.661	0.988	9
51	1643135	0.547712	-197.642	228.800	0.614	0.616	0.611	0.985	8
52	1671535	0.557178	-177.786	231.244	0.639	0.641	0.636	0.990	4
53	1736503	0.578834	183.590	-157.014	0.624	0.541	0.708	0.800	2
54	1767128	0.589043	-214.137	233.382	0.747	0.740	0.755	0.971	4
55	1767540	0.589180	-155.181	222.691	0.864	0.896	0.832	0.993	10
56	1821691	0.607230	-214.137	231.244	0.634	0.584	0.683	0.780	3
57	1856188	0.618729	234.604	-215.665	0.709	0.769	0.649	0.973	9
58	1872410	0.624137	-164.651	183.590	0.672	0.697	0.648	0.990	6
59	1911347	0.637116	-214.748	233.993	0.794	0.795	0.793	0.992	6
60	2010133	0.670044	-212.304	231.244	0.696	0.754	0.638	0.988	10
61	2128504	0.709501	-159.457	234.910	0.734	0.793	0.674	0.989	9
62	2188719	0.729573	-65.982	-65.371	0.689	0.709	0.669	0.979	2
63	2290802	0.763601	-214.443	233.382	0.750	0.795	0.706	0.974	9
64	2320946	0.773649	-223.913	232.160	0.550	0.461	0.640	0.969	2
65	2627925	0.875975	-169.844	233.382	0.623	0.650	0.597	0.993	8
66	2810714	0.936905	-214.137	233.688	0.760	0.802	0.719	0.844	2
67	2859330	0.953110	233.688	-215.054	0.772	0.810	0.735	0.961	5
68	2881638	0.960546	-162.207	232.466	0.641	0.683	0.599	0.983	9
69	3035395	1.011798	-181.146	182.674	0.576	0.543	0.608	0.947	8
70	3072931	1.024310	-214.748	233.688	0.811	0.833	0.790	0.976	9
71	3124216	1.041405	-215.054	233.077	0.768	0.806	0.730	0.970	9
72	3248317	1.082772	-190.616	220.858	0.625	0.710	0.540	0.951	9
73	3263136	1.087712	-205.279	236.131	0.571	0.545	0.597	0.990	2
74	3529048	1.176349	-211.999	230.938	0.716	0.715	0.717	0.986	7
75	3579354	1.193118	-97.141	-93.170	0.622	0.675	0.570	0.967	2
76	3756663	1.252221	-142.962	237.964	0.808	0.803	0.814	0.995	10
77	3851008	1.283669	-211.083	229.717	0.559	0.474	0.643	0.963	2
78	4166051	1.388684	-168.316	182.979	0.548	0.504	0.592	0.976	4
79	4273077	1.424359	-214.443	234.604	0.767	0.772	0.761	0.977	5
80	4368873	1.456291	233.077	-217.803	0.637	0.763	0.510	0.979	7
81	4390916	1.463639	-212.610	231.549	0.650	0.633	0.667	0.827	7
82	4393358	1.464453	-178.091	231.855	0.625	0.641	0.608	0.975	6
83	4755086	1.585029	-209.250	-207.722	0.490	0.499	0.481	0.957	3
84	4775739	1.591913	-214.748	233.993	0.765	0.801	0.728	0.966	9
85	4838963	1.612988	-212.610	229.411	0.590	0.583	0.596	0.961	3
86	4978391	1.659464	-214.443	233.993	0.711	0.705	0.718	0.967	4
87	5047418	1.682473	-213.221	232.466	0.671	0.668	0.674	0.987	9
88	5085152	1.695051	234.910	-215.970	0.802	0.816	0.788	0.906	7
89	5322289	1.774096	-214.137	233.077	0.783	0.801	0.765	0.847	9
90	5421740	1.807247	-155.486	237.353	0.763	0.811	0.716	0.993	9
91	5487203	1.829068	231.855	-220.247	0.573	0.676	0.471	0.923	2
92	5503297	1.834432	-174.120	227.273	0.628	0.660	0.597	0.987	8
93	5508512	1.836171	-97.752	-96.530	0.532	0.618	0.445	0.991	2
94	6160539	2.053513	-220.552	232.160	0.579	0.502	0.656	0.874	3
95	6590420	2.196807	-215.359	234.910	0.768	0.775	0.762	0.766	6
96	6718693	2.239564	189.394	-178.702	0.796	0.775	0.817	0.988	3
97	7128942	2.376314	-205.584	228.800	0.574	0.547	0.602	0.806	10
98	7721173	2.573724	-168.316	228.189	0.670	0.729	0.611	0.990	9
99	8129713	2.709904	-157.625	223.913	0.771	0.823	0.720	0.991	9
100	8272038	2.757346	-101.112	-22.605	0.692	0.902	0.483	0.993	3
101	8898431	2.966144	-93.781	-91.948	0.723	0.731	0.716	0.977	3
102	8907963	2.969321	-95.613	-90.726	0.712	0.747	0.678	0.977	5
103	9678138	3.226046	-214.748	234.604	0.815	0.809	0.821	0.992	7
104	9711678	3.237226	-215.054	233.382	0.800	0.807	0.793	0.833	7
105	9714174	3.238058	-216.276	229.411	0.629	0.643	0.616	0.975	9
106	9952819	3.317606	-163.123	238.270	0.701	0.704	0.699	0.991	8
107	10159377	3.386459	-214.137	233.382	0.779	0.780	0.777	0.984	6
108	11397027	3.799009	-157.319	236.437	0.780	0.800	0.760	0.992	9
109	11764827	3.921609	180.841	-158.847	0.699	0.634	0.764	0.984	8
110	11852173	3.950724	-153.043	165.872	0.713	0.838	0.589	0.995	5
111	13085933	4.361978	-169.844	232.160	0.742	0.802	0.681	0.995	9
112	13296987	4.432329	-169.538	225.745	0.661	0.705	0.617	0.991	8
113	13639177	4.546392	-215.054	231.855	0.566	0.559	0.573	0.968	8
114	13739182	4.579727	-175.037	225.745	0.664	0.682	0.646	0.993	9
115	14073314	4.691105	-144.795	232.771	0.787	0.844	0.730	0.993	9
116	14133754	4.711251	152.737	-116.386	0.761	0.675	0.848	0.931	5
117	14502230	4.834077	-50.709	-67.815	0.749	0.654	0.844	0.820	4
118	15105670	5.035223	-171.371	235.215	0.719	0.775	0.662	0.990	9
119	15177895	5.059298	-156.403	233.077	0.727	0.795	0.659	0.992	9
120	15451738	5.150579	-156.097	180.535	0.723	0.801	0.644	0.985	9
121	15597784	5.199261	-214.443	233.993	0.783	0.790	0.775	0.964	5
122	16325728	5.441909	-115.469	127.688	0.663	0.797	0.528	0.981	2
123	18552536	6.184179	-214.137	233.688	0.784	0.776	0.792	0.986	7
124	18746356	6.248785	-210.472	228.189	0.652	0.677	0.626	0.741	2
125	18858807	6.286269	-157.319	234.604	0.722	0.776	0.668	0.991	9
126	19496699	6.498900	-2.749	-143.267	0.750	0.665	0.835	0.874	9
127	19919534	6.639845	-162.207	176.259	0.644	0.640	0.649	0.982	5
128	20566325	6.855442	88.282	-78.201	0.822	0.831	0.813	0.991	2
129	21520998	7.173666	-189.088	226.967	0.592	0.543	0.640	0.986	9
130	21696904	7.232301	-215.970	234.910	0.707	0.719	0.696	0.980	4
131	22820222	7.606741	-214.748	234.299	0.783	0.768	0.798	0.989	6
132	22867956	7.622652	175.648	-154.264	0.566	0.504	0.628	0.740	2
133	23005508	7.668503	-148.460	234.910	0.786	0.847	0.726	0.991	9
134	23244055	7.748018	-212.915	230.327	0.599	0.629	0.569	0.916	3
135	23759424	7.919808	-112.720	117.913	0.773	0.857	0.688	0.996	6
136	27074471	9.024824	-95.919	-84.616	0.773	0.828	0.718	0.979	5
137	27567300	9.189100	85.533	-85.838	0.822	0.855	0.789	0.992	3
138	27671487	9.223829	210.472	-168.622	0.552	0.517	0.587	0.956	4
139	27966514	9.322171	-155.486	171.371	0.715	0.810	0.620	0.987	6
140	30624729	10.208243	-211.083	-206.806	0.560	0.606	0.514	0.980	3
141	35000994	11.666998	-35.740	-65.982	0.817	0.789	0.845	0.987	5
142	36086527	12.028842	-214.443	235.215	0.645	0.610	0.679	0.801	2
143	40600367	13.533456	-180.841	230.633	0.584	0.591	0.576	0.986	3
144	40686085	13.562028	-215.054	228.800	0.552	0.490	0.614	0.982	6
145	41857147	13.952382	-67.815	-64.761	0.675	0.755	0.594	0.981	2
146	43354788	14.451596	-214.137	234.910	0.825	0.833	0.817	0.987	9
147	43368538	14.456179	-178.091	185.117	0.558	0.515	0.602	0.745	3
148	43446007	14.482002	-110.887	116.080	0.823	0.878	0.768	0.982	4
149	44245171	14.748390	-155.486	179.313	0.507	0.495	0.519	0.964	2
150	44759042	14.919681	-214.748	234.910	0.759	0.767	0.751	0.986	6
151	45019135	15.006378	233.688	-216.276	0.645	0.755	0.536	0.983	7
152	45822536	15.274179	-65.371	-63.844	0.699	0.746	0.651	0.990	7
153	46667299	15.555766	-168.011	224.523	0.635	0.699	0.571	0.990	9
154	48058280	16.019427	-86.755	104.472	0.855	0.871	0.839	0.992	9
155	48656368	16.218789	-211.999	231.855	0.695	0.704	0.687	0.988	10
156	49620940	16.540313	-175.037	230.633	0.642	0.663	0.620	0.810	6
157	49682524	16.560841	-155.181	179.008	0.771	0.808	0.734	0.987	3
158	50405144	16.801715	235.215	-28.104	0.806	0.720	0.893	0.988	3
159	50779663	16.926554	-93.781	-84.922	0.706	0.796	0.616	0.956	4
160	52073542	17.357847	165.567	-138.685	0.819	0.760	0.878	0.985	9
161	52193784	17.397928	-156.403	241.630	0.808	0.810	0.805	0.993	9
162	54985230	18.328410	-88.282	-82.783	0.714	0.793	0.635	0.963	2
163	55842748	18.614249	-11.303	-10.692	0.846	0.862	0.831	0.991	10
164	55980370	18.660123	103.250	-78.201	0.811	0.779	0.844	0.994	5
165	56916567	18.972189	233.993	-214.748	0.652	0.733	0.571	0.908	3
166	57133570	19.044523	5.499	-44.294	0.869	0.869	0.870	0.993	7
167	58149556	19.383185	-171.676	201.002	0.695	0.793	0.598	0.990	10
168	58163048	19.387683	-158.541	233.993	0.756	0.824	0.689	0.994	10
169	60121819	20.040606	-165.261	222.691	0.698	0.730	0.666	0.990	9
170	60596692	20.198897	97.141	-106.916	0.815	0.797	0.833	0.993	2
171	60626501	20.208834	-152.737	158.236	0.698	0.818	0.577	0.981	3
172	61423230	20.474410	106.000	-112.720	0.825	0.800	0.850	0.984	7
173	64492013	21.497338	233.382	-215.359	0.664	0.786	0.541	0.980	8
174	65025618	21.675206	-96.530	-95.308	0.617	0.659	0.574	0.965	2
175	66474304	22.158101	86.755	-107.832	0.835	0.834	0.835	0.995	2
176	67842774	22.614258	85.227	-105.083	0.883	0.906	0.860	0.994	9
177	71388888	23.796296	80.951	-67.204	0.778	0.693	0.863	0.985	2
178	71659368	23.886456	-213.832	-205.890	0.573	0.605	0.541	0.991	4
179	72181832	24.060611	-214.443	233.382	0.701	0.707	0.694	0.981	4
180	72900288	24.300096	179.619	-151.515	0.804	0.782	0.827	0.989	9
181	75810419	25.270140	-214.443	234.604	0.737	0.709	0.765	0.947	4
182	76074900	25.358300	-68.732	85.838	0.873	0.909	0.837	0.993	2
183	76079493	25.359831	187.256	-189.088	0.689	0.677	0.700	0.990	2
184	76849474	25.616491	-215.665	234.910	0.817	0.825	0.808	0.995	10
185	77251416	25.750472	-80.340	80.645	0.926	0.933	0.920	0.994	6
186	78367582	26.122527	-175.037	230.327	0.619	0.644	0.594	0.989	4
187	79169957	26.389986	-215.970	202.224	0.487	0.407	0.566	0.971	6
188	81869338	27.289779	-151.210	166.178	0.841	0.842	0.840	0.992	9
189	82174946	27.391649	-174.120	182.368	0.625	0.568	0.682	0.987	8
190	83936526	27.978842	-79.118	-74.230	0.714	0.881	0.546	0.963	5
191	85305670	28.435223	-116.080	125.550	0.882	0.909	0.855	0.994	9
192	85441100	28.480367	-170.455	153.959	0.878	0.868	0.889	0.994	7
193	86894231	28.964744	-169.233	190.005	0.685	0.728	0.643	0.984	8
194	87886341	29.295447	-214.748	234.299	0.812	0.841	0.783	0.986	8
195	88219016	29.406339	-156.403	179.313	0.508	0.414	0.601	0.955	2
196	88221454	29.407151	-214.748	234.604	0.760	0.783	0.738	0.969	6
197	88970697	29.656899	234.604	-215.665	0.733	0.779	0.687	0.990	9
198	89322060	29.774020	-213.526	234.910	0.824	0.826	0.822	0.967	9
199	90306418	30.102139	-214.443	233.382	0.778	0.781	0.775	0.960	6
200	90336543	30.112181	-147.544	170.149	0.616	0.750	0.483	0.947	4
201	91017059	30.339020	182.979	-152.737	0.628	0.609	0.648	0.980	3
202	92073444	30.691148	-213.832	231.549	0.707	0.716	0.697	0.901	8
203	93419353	31.139784	-213.526	229.717	0.722	0.763	0.681	0.870	2
204	93632968	31.210989	-214.748	233.993	0.789	0.786	0.792	0.990	5
205	94434976	31.478325	-66.288	-67.204	0.716	0.690	0.742	0.805	5
206	94937328	31.645776	109.971	-123.412	0.771	0.680	0.861	0.973	2
207	94946517	31.648839	100.501	-124.328	0.812	0.788	0.837	0.978	7
208	95194464	31.731488	-66.899	-65.371	0.748	0.763	0.732	0.939	8
209	95349268	31.783089	-215.359	233.688	0.779	0.772	0.786	0.994	8
210	96029299	32.009766	175.648	-138.074	0.789	0.762	0.815	0.991	9
211	96721997	32.240666	-109.054	125.855	0.647	0.756	0.538	0.968	2
212	97278501	32.426167	-102.639	92.253	0.905	0.928	0.882	0.991	8
213	98427494	32.809165	-95.919	-84.005	0.799	0.871	0.727	0.991	6
214	98443583	32.814528	-91.948	103.861	0.792	0.853	0.731	0.984	2
215	98595946	32.865315	-113.942	103.250	0.822	0.887	0.757	0.977	4
216	99055183	33.018394	-88.282	-80.645	0.638	0.790	0.486	0.957	2
217	99174841	33.058280	-188.172	170.455	0.861	0.858	0.863	0.991	10
218	99341586	33.113862	-214.443	234.604	0.808	0.814	0.802	0.988	8
219	99620241	33.206747	-153.959	177.786	0.609	0.641	0.577	0.994	3
220	99906584	33.302195	90.420	-101.112	0.868	0.854	0.882	0.992	6
221	100882099	33.627366	184.201	-154.570	0.760	0.705	0.815	0.992	7
222	101462696	33.820899	-209.250	-207.111	0.523	0.538	0.509	0.725	2
223	101730687	33.910229	-77.285	-71.786	0.679	0.709	0.648	0.928	2
224	101860086	33.953362	-97.141	-96.224	0.661	0.686	0.636	0.989	2
225	102272742	34.090914	-97.141	-91.948	0.714	0.774	0.653	0.979	4
226	102362908	34.120969	98.974	-134.409	0.873	0.868	0.879	0.989	5
227	102714532	34.238177	87.671	-95.002	0.717	0.739	0.696	0.849	2
228	104015303	34.671768	-87.671	-84.005	0.684	0.692	0.675	0.990	2
229	104251340	34.750447	39.712	-43.988	0.810	0.764	0.856	0.988	4
230	104284055	34.761352	-243.463	-236.131	0.540	0.608	0.471	0.985	2
231	104615058	34.871686	-172.287	184.201	0.625	0.626	0.625	0.980	7
232	104992274	34.997425	-34.824	-63.844	0.843	0.828	0.858	0.983	8
233	105435195	35.145065	-214.137	233.993	0.804	0.804	0.804	0.980	7
234	106515184	35.505061	-115.164	125.855	0.870	0.891	0.849	0.993	9
235	106730656	35.576885	-155.181	180.841	0.652	0.721	0.583	0.986	4
236	106794582	35.598194	145.406	-148.155	0.840	0.806	0.875	0.991	9
237	106807364	35.602455	-152.737	175.953	0.759	0.812	0.705	0.990	3
238	107017511	35.672504	119.746	-113.636	0.796	0.724	0.867	0.808	3
239	107373049	35.791016	-155.486	171.371	0.674	0.810	0.537	0.983	6
240	108058409	36.019470	177.480	-148.460	0.649	0.512	0.786	0.973	3
241	108143976	36.047992	174.731	-152.432	0.850	0.856	0.844	0.928	8
242	108612350	36.204117	-95.613	-85.227	0.760	0.808	0.712	0.771	5
243	108938899	36.312966	-176.259	-48.570	0.574	0.661	0.488	0.989	3
244	109036934	36.345645	-113.331	112.720	0.728	0.836	0.620	0.984	9
245	109571366	36.523789	-155.792	175.342	0.534	0.645	0.423	0.990	2
246	109808087	36.602696	-136.547	127.383	0.865	0.875	0.855	0.994	9
247	109833408	36.611136	-95.919	-90.726	0.764	0.788	0.741	0.988	9
248	110131987	36.710662	94.086	-117.302	0.697	0.740	0.653	0.990	2
249	110150620	36.716873	-160.985	183.895	0.711	0.729	0.693	0.981	8
250	110330064	36.776688	-169.538	183.590	0.705	0.718	0.692	0.984	9
251	110994964	36.998321	-175.037	223.607	0.632	0.673	0.591	0.973	10
252	111408943	37.136314	-171.371	184.812	0.551	0.503	0.600	0.956	3
253	111699892	37.233297	-102.334	114.553	0.551	0.679	0.423	0.979	2
254	111989274	37.329758	-158.236	166.483	0.674	0.750	0.598	0.977	3
255	112160617	37.386872	-213.832	234.299	0.826	0.829	0.823	0.979	9
256	112215858	37.405286	-34.824	-62.317	0.861	0.872	0.850	0.980	9
257	112540715	37.513572	-149.377	183.284	0.600	0.660	0.540	0.987	4
258	112612975	37.537658	-95.002	-90.420	0.653	0.687	0.620	0.989	3
259	112790218	37.596739	97.752	-112.720	0.786	0.729	0.844	0.992	5
260	112810543	37.603514	-34.519	-58.346	0.861	0.882	0.841	0.982	8
261	112820575	37.606858	-35.740	-62.622	0.896	0.907	0.885	0.963	9
262	112881795	37.627265	-32.991	-63.233	0.862	0.861	0.863	0.993	7
263	113052842	37.684281	-215.665	234.604	0.764	0.736	0.791	0.989	6
264	113069482	37.689827	-95.613	-90.115	0.754	0.772	0.736	0.965	2
265	113091438	37.697146	-214.137	235.215	0.771	0.764	0.778	0.986	7
266	113275004	37.758335	-114.247	116.080	0.887	0.908	0.867	0.987	7
267	113785146	37.928382	121.579	-118.218	0.781	0.672	0.889	0.990	2
268	113789973	37.929991	-109.360	117.608	0.639	0.778	0.500	0.989	4
269	114047713	38.015904	115.469	-113.636	0.787	0.717	0.856	0.987	4
270	114059588	38.019863	-95.919	-90.115	0.680	0.705	0.656	0.976	3
271	114078405	38.026135	-95.919	-94.086	0.595	0.629	0.561	0.886	2
272	114285867	38.095289	-153.959	151.821	0.751	0.804	0.699	0.975	7
273	114384132	38.128044	109.054	-114.858	0.888	0.870	0.906	0.989	9
274	114549150	38.183050	182.979	-157.625	0.766	0.704	0.828	0.991	4
275	114737714	38.245905	172.898	-143.573	0.857	0.850	0.865	0.975	8
276	115054416	38.351472	181.146	-153.653	0.735	0.683	0.787	0.990	3
277	115398236	38.466079	-157.625	182.674	0.686	0.710	0.662	0.980	2
278	115428214	38.476071	-178.397	183.590	0.578	0.477	0.679	0.992	3
279	115546426	38.515475	-215.665	234.604	0.796	0.808	0.784	0.986	9
280	115748962	38.582987	-109.360	83.700	0.892	0.898	0.886	0.993	2
281	115761780	38.587260	116.386	-117.913	0.875	0.850	0.899	0.991	9
282	115770491	38.590164	-67.204	-64.150	0.706	0.801	0.611	0.984	2
283	116728067	38.909356	84.922	-77.896	0.819	0.791	0.848	0.989	8
284	116746171	38.915390	-84.616	-18.328	0.724	0.857	0.591	0.954	2
285	117043002	39.014334	126.161	-116.997	0.893	0.888	0.897	0.994	8
286	117104365	39.034788	-176.259	183.284	0.535	0.461	0.609	0.993	2
287	117466860	39.155620	-115.469	124.022	0.770	0.858	0.683	0.991	9
288	117716298	39.238766	-156.097	171.065	0.770	0.815	0.725	0.993	8
289	117748458	39.249486	-152.126	165.567	0.811	0.830	0.792	0.994	9
290	117793192	39.264397	-151.821	164.651	0.672	0.813	0.532	0.993	6
291	117808019	39.269340	-161.290	179.313	0.629	0.681	0.577	0.991	2
292	118008332	39.336111	-215.054	233.993	0.781	0.780	0.783	0.934	2
293	118123360	39.374453	-96.530	-88.282	0.720	0.781	0.659	0.987	4
294	118129608	39.376536	98.974	-110.276	0.628	0.452	0.804	0.991	3
295	118400776	39.466925	-113.025	125.855	0.852	0.901	0.804	0.994	9
296	118424004	39.474668	-116.691	123.412	0.720	0.836	0.603	0.989	2
297	118640613	39.546871	116.997	-115.775	0.807	0.738	0.877	0.989	4
298	118830962	39.610321	-103.861	0.305	0.572	0.652	0.491	0.992	3
299	118848933	39.616311	-50.709	-53.763	0.598	0.520	0.677	0.881	3
300	118955194	39.651731	79.118	-74.536	0.787	0.769	0.805	0.987	2
301	118993302	39.664434	80.340	-73.619	0.879	0.861	0.896	0.991	2
302	119012036	39.670679	-157.625	177.480	0.708	0.732	0.685	0.994	3
303	119043501	39.681167	85.838	-80.951	0.848	0.847	0.849	0.992	2
304	119083984	39.694661	-162.207	174.120	0.740	0.803	0.677	0.993	6
305	119229240	39.743080	-215.054	233.688	0.732	0.713	0.751	0.986	5
306	119293462	39.764487	-88.587	-86.755	0.682	0.721	0.644	0.949	2
307	119341903	39.780634	-111.804	117.608	0.706	0.825	0.586	0.988	7
308	119361227	39.787076	-198.253	204.973	0.591	0.737	0.445	0.991	3
309	119383732	39.794577	-214.443	233.382	0.669	0.615	0.722	0.965	2
310	119491175	39.830392	-164.651	176.259	0.710	0.748	0.672	0.978	9
311	119685176	39.895059	-214.443	233.077	0.740	0.738	0.741	0.987	4
312	119881804	39.960601	-213.832	-205.584	0.547	0.639	0.454	0.926	2
313	119953051	39.984350	-111.193	118.524	0.793	0.869	0.717	0.994	9
314	120013988	40.004663	-96.530	-95.002	0.593	0.627	0.559	0.922	2
315	120135999	40.045333	107.221	-120.051	0.825	0.797	0.852	0.993	3
316	120318236	40.106079	-149.377	177.175	0.703	0.793	0.613	0.985	4
317	120366262	40.122087	-156.097	178.091	0.471	0.483	0.459	0.980	2
318	120373004	40.124335	-165.261	180.535	0.776	0.817	0.736	0.993	3
319	120963238	40.321079	-157.014	179.619	0.565	0.553	0.577	0.945	2
320	120980643	40.326881	183.590	-153.653	0.784	0.770	0.797	0.989	10
321	121318687	40.439562	-214.137	234.299	0.804	0.804	0.804	0.991	8
322	121500101	40.500034	173.815	-149.071	0.631	0.496	0.766	0.944	2
323	121913344	40.637781	-161.596	161.596	0.851	0.847	0.855	0.993	9
324	122020968	40.673656	125.550	-118.524	0.844	0.796	0.892	0.995	7
325	122383154	40.794385	-115.164	126.772	0.773	0.863	0.682	0.988	9
326	122402121	40.800707	-152.737	175.037	0.723	0.715	0.731	0.981	5
327	122449406	40.816469	107.527	-117.913	0.816	0.780	0.851	0.993	2
328	122699540	40.899847	-161.290	178.702	0.674	0.723	0.626	0.993	7
329	122839889	40.946630	-175.037	166.178	0.815	0.749	0.881	0.991	8
330	122899981	40.966660	-161.901	175.648	0.720	0.721	0.719	0.990	8
331	122983844	40.994615	-112.414	97.752	0.778	0.866	0.690	0.994	5
332	123016667	41.005556	-97.141	-91.948	0.701	0.765	0.637	0.942	5
333	123027552	41.009184	-97.446	-90.115	0.704	0.734	0.675	0.991	3
334	123036559	41.012186	-163.429	184.812	0.695	0.711	0.679	0.988	9
335	123068664	41.022888	-91.031	-89.504	0.781	0.793	0.768	0.934	2
336	123131856	41.043952	-135.630	118.218	0.872	0.912	0.831	0.969	8
337	123329968	41.109989	-97.446	-93.781	0.692	0.720	0.665	0.981	5
338	123468795	41.156265	-98.057	-87.060	0.791	0.859	0.723	0.992	3
339	123647821	41.215940	-91.948	-88.587	0.725	0.763	0.687	0.993	3
340	123726830	41.242277	-121.273	116.997	0.786	0.852	0.721	0.981	5
341	123834757	41.278252	-34.519	-64.150	0.883	0.890	0.875	0.954	9
342	123941986	41.313995	-108.443	115.164	0.601	0.736	0.465	0.992	3
343	124028531	41.342844	-110.582	93.781	0.881	0.894	0.869	0.996	5
344	124059992	41.353331	91.642	-150.293	0.744	0.670	0.818	0.987	2
345	124140861	41.380287	-157.625	93.475	0.769	0.795	0.743	0.985	2
346	124231925	41.410642	-118.218	126.772	0.827	0.880	0.774	0.943	6
347	124388947	41.462982	38.184	-26.882	0.709	0.539	0.880	0.993	4
348	124459724	41.486575	-44.599	-45.516	0.740	0.732	0.748	0.972	3
349	124524170	41.508057	-98.363	-86.449	0.784	0.850	0.719	0.986	4
350	124533148	41.511049	-91.948	-89.198	0.748	0.761	0.735	0.807	3
351	124551972	41.517324	-105.083	4.888	0.772	0.826	0.718	0.984	3
352	124552222	41.517407	-96.224	108.443	0.573	0.633	0.512	0.987	2
353	124673816	41.557939	-118.829	126.772	0.815	0.865	0.766	0.988	5
354	124678927	41.559642	-214.443	234.299	0.783	0.774	0.791	0.889	3
355	124690091	41.563364	-214.137	234.299	0.820	0.815	0.825	0.946	4
356	124730666	41.576889	-94.697	-86.755	0.700	0.778	0.622	0.974	4
357	124871910	41.623970	-97.752	-95.308	0.615	0.709	0.521	0.979	3
358	124913662	41.637887	-194.587	230.327	0.556	0.505	0.608	0.991	3
359	124916862	41.638954	-155.486	175.648	0.686	0.722	0.650	0.994	5
360	125036038	41.678679	-111.498	102.945	0.853	0.900	0.806	0.991	9
361	125129809	41.709936	-152.737	178.397	0.633	0.650	0.615	0.986	7
362	125151453	41.717151	-92.559	-88.282	0.733	0.782	0.685	0.995	4
363	125160711	41.720237	-110.276	116.386	0.760	0.845	0.675	0.989	9
364	125163975	41.721325	-90.726	-25.965	0.756	0.870	0.641	0.988	2
365	125231206	41.743735	-171.676	167.094	0.812	0.826	0.798	0.972	9
366	125237058	41.745686	-175.953	182.979	0.602	0.598	0.606	0.983	4
367	125277783	41.759261	-119.440	117.913	0.717	0.868	0.567	0.995	4
368	125305741	41.768580	-149.988	131.659	0.727	0.820	0.635	0.992	8
369	125343627	41.781209	103.861	-133.798	0.743	0.652	0.835	0.983	2
370	125371122	41.790374	-158.847	171.676	0.779	0.738	0.819	0.991	8
371	125376854	41.792285	-160.374	177.480	0.767	0.803	0.731	0.992	9
372	125421846	41.807282	84.922	-98.974	0.729	0.683	0.774	0.847	3
373	125771111	41.923704	-113.636	111.193	0.795	0.860	0.730	0.944	3
374	125802132	41.934044	-160.985	137.769	0.641	0.721	0.562	0.964	2
375	125860297	41.953432	-166.483	181.146	0.621	0.600	0.642	0.990	4
376	125958554	41.986185	90.726	-95.613	0.813	0.793	0.833	0.994	4
377	125967310	41.989103	-215.970	236.437	0.741	0.757	0.725	0.959	3
378	126004899	42.001633	-125.244	127.383	0.834	0.870	0.798	0.989	5
379	126060255	42.020085	-120.357	127.077	0.792	0.852	0.732	0.991	8
380	126080906	42.026969	-149.377	177.786	0.630	0.721	0.539	0.989	5
381	126108591	42.036197	-154.875	172.593	0.716	0.815	0.617	0.960	8
382	126125702	42.041901	80.951	-65.371	0.872	0.855	0.889	0.994	2
383	126132215	42.044072	-91.337	-84.922	0.612	0.676	0.548	0.973	2
384	126199881	42.066627	-119.746	128.299	0.877	0.897	0.857	0.994	9
385	126286039	42.095346	-96.835	-92.864	0.596	0.637	0.556	0.989	3
386	126351268	42.117089	-114.553	105.694	0.818	0.884	0.753	0.955	9
387	126444671	42.148224	-120.051	122.190	0.859	0.878	0.841	0.988	9
388	126524084	42.174695	-175.648	187.256	0.634	0.644	0.623	0.960	9
389	126542799	42.180933	-115.775	123.106	0.739	0.853	0.625	0.993	8
390	126544648	42.181549	-160.985	179.924	0.621	0.611	0.631	0.993	6
391	126555595	42.185198	-67.510	-65.371	0.757	0.774	0.741	0.958	5
392	126557464	42.185821	-153.043	126.466	0.815	0.860	0.770	0.987	6
393	126569529	42.189843	-63.233	18.939	0.849	0.910	0.788	0.987	7
394	126629852	42.209951	-194.892	179.619	0.585	0.532	0.638	0.989	8
395	126688338	42.229446	-96.835	109.360	0.641	0.690	0.592	0.958	2
396	126707848	42.235949	-87.977	-83.089	0.748	0.765	0.731	0.901	2
397	126737470	42.245823	-167.705	183.284	0.623	0.544	0.701	0.985	3
398	126741695	42.247232	-165.872	168.927	0.800	0.803	0.798	0.959	6
399	126775412	42.258471	-96.835	-94.697	0.674	0.680	0.668	0.991	2
400	126789342	42.263114	-148.766	96.530	0.622	0.680	0.565	0.983	5
401	126826841	42.275614	-159.457	181.146	0.634	0.565	0.704	0.992	7
402	126855613	42.285204	-92.559	1.222	0.754	0.818	0.690	0.988	2
403	126936733	42.312244	-96.530	-91.031	0.745	0.794	0.696	0.855	2
404	126977004	42.325668	-156.708	178.397	0.612	0.613	0.610	0.971	2
405	126989397	42.329799	-117.302	113.025	0.624	0.657	0.591	0.988	5
406	127083142	42.361047	-147.544	127.688	0.769	0.830	0.707	0.991	5
407	127103568	42.367856	-97.446	-92.559	0.678	0.705	0.652	0.969	5
408	127110629	42.370210	-137.463	123.412	0.868	0.892	0.844	0.992	8
409	127133153	42.377718	-115.775	113.331	0.863	0.901	0.825	0.994	9
410	127328630	42.442877	-136.241	94.391	0.884	0.886	0.882	0.993	8
411	127357653	42.452551	-164.956	172.898	0.584	0.564	0.604	0.993	5
412	127493892	42.497964	-113.331	100.501	0.878	0.903	0.853	0.980	9
413	127535668	42.511889	-125.855	126.466	0.846	0.863	0.829	0.994	7
414	127599950	42.533317	-95.308	-92.253	0.623	0.699	0.547	0.991	3
415	127649693	42.549898	115.775	-122.495	0.856	0.836	0.875	0.994	9
416	127798248	42.599416	-97.752	-96.530	0.533	0.633	0.432	0.992	2
417	127845619	42.615206	-112.720	117.302	0.704	0.864	0.544	0.994	7
418	127848673	42.616224	-91.031	-81.562	0.760	0.823	0.696	0.993	2
419	127873553	42.624518	-169.538	176.259	0.682	0.645	0.719	0.989	2
420	127945867	42.648622	-214.748	235.215	0.845	0.832	0.859	0.978	7
421	127986683	42.662228	-71.175	80.645	0.904	0.914	0.894	0.994	3
422	128080564	42.693521	-109.360	121.884	0.737	0.815	0.660	0.987	3
423	128107130	42.702377	-147.544	178.397	0.631	0.707	0.555	0.987	2
424	128129530	42.709843	-111.804	108.749	0.754	0.839	0.668	0.990	2
425	128156602	42.718867	-162.512	174.731	0.744	0.761	0.727	0.967	9
426	128237630	42.745877	-119.135	124.939	0.904	0.903	0.904	0.993	9
427	128275756	42.758585	87.366	-88.587	0.880	0.901	0.859	0.980	7
428	128339283	42.779761	-113.331	116.080	0.751	0.864	0.638	0.993	9
429	128364960	42.788320	-150.599	101.417	0.628	0.700	0.555	0.981	3
430	128371801	42.790600	-151.821	171.676	0.668	0.820	0.516	0.991	3
431	128396230	42.798743	-214.137	231.244	0.528	0.451	0.605	0.963	2
432	128463270	42.821090	-160.679	127.383	0.804	0.829	0.779	0.979	7
433	128470871	42.823624	-94.697	-85.838	0.746	0.825	0.666	0.984	2
434	128471436	42.823812	-90.115	-82.173	0.755	0.821	0.688	0.993	4
435	128491481	42.830494	87.977	-100.501	0.815	0.856	0.775	0.993	8
436	128500608	42.833536	-117.913	111.498	0.840	0.905	0.775	0.987	7
437	128560377	42.853459	-109.054	117.302	0.619	0.747	0.492	0.993	6
438	128635618	42.878539	-126.466	105.694	0.904	0.923	0.886	0.989	7
439	128658765	42.886255	-150.599	177.786	0.633	0.740	0.525	0.958	2
440	128660029	42.886676	-145.100	176.564	0.650	0.683	0.618	0.993	5
441	128663891	42.887964	92.864	-96.530	0.802	0.817	0.786	0.994	4
442	128677882	42.892627	-160.068	174.120	0.777	0.812	0.742	0.991	9
443	128702990	42.900997	-74.841	36.962	0.932	0.936	0.928	0.985	5
444	128727592	42.909197	-215.359	233.688	0.680	0.642	0.719	0.976	6
445	128750843	42.916948	-173.509	186.034	0.538	0.464	0.612	0.980	2
446	128831910	42.943970	-156.708	175.953	0.722	0.721	0.723	0.993	8
447	128853440	42.951147	-103.556	102.945	0.781	0.859	0.703	0.981	4
448	128891594	42.963865	-163.123	177.480	0.496	0.520	0.471	0.975	3
449	128915991	42.971997	-60.484	-69.954	0.742	0.636	0.848	0.948	3
450	128948621	42.982874	-149.988	124.633	0.714	0.783	0.645	0.984	4
451	128968549	42.989516	106.916	-106.305	0.810	0.786	0.834	0.989	8
452	128999243	42.999748	-95.613	-87.977	0.721	0.762	0.681	0.986	3
453	129053549	43.017850	-214.443	234.604	0.674	0.772	0.576	0.783	2
454	129102757	43.034252	-153.043	121.273	0.744	0.847	0.642	0.912	4
455	129108517	43.036172	-159.152	177.175	0.741	0.714	0.767	0.995	6
456	129110983	43.036994	-95.613	-87.977	0.704	0.828	0.579	0.990	3
457	129113282	43.037761	-35.435	-65.677	0.658	0.643	0.673	0.990	2
458	129120764	43.040255	-51.931	-45.210	0.653	0.683	0.624	0.978	5
459	129154274	43.051425	-161.901	178.091	0.624	0.694	0.554	0.986	3
460	129159879	43.053293	128.299	-123.717	0.894	0.888	0.901	0.983	7
461	129171869	43.057290	-165.567	181.146	0.636	0.638	0.633	0.990	6
462	129198786	43.066262	-165.261	224.523	0.728	0.785	0.671	0.995	9
463	129208848	43.069616	-95.613	-88.893	0.787	0.816	0.758	0.906	5
464	129241256	43.080419	-159.152	140.824	0.887	0.888	0.887	0.967	9
465	129264244	43.088081	-162.512	182.368	0.753	0.780	0.726	0.985	3
466	129287932	43.095977	-147.849	127.688	0.842	0.860	0.825	0.938	5
467	129293068	43.097689	-153.348	182.368	0.761	0.812	0.709	0.986	6
468	129369495	43.123165	-49.181	22.911	0.552	0.574	0.530	0.982	2
469	129430363	43.143454	-227.273	228.189	0.514	0.460	0.568	0.961	2
470	129447791	43.149264	84.005	-83.700	0.817	0.799	0.834	0.993	2
471	129509529	43.169843	129.216	-147.239	0.862	0.844	0.881	0.992	9
472	129528846	43.176282	-107.527	111.498	0.678	0.782	0.575	0.988	6
473	129557811	43.185937	-97.141	-93.170	0.661	0.675	0.647	0.985	4
474	129571283	43.190428	-157.625	178.397	0.610	0.626	0.594	0.993	7
475	129621682	43.207227	-75.758	-69.037	0.798	0.853	0.743	0.994	7
476	129650057	43.216686	-215.665	235.521	0.816	0.814	0.818	0.994	5
477	129655208	43.218403	-83.394	-77.896	0.640	0.854	0.427	0.958	2
478	129692950	43.230983	-160.985	173.815	0.784	0.782	0.787	0.983	7
479	129718989	43.239663	-96.835	-84.616	0.784	0.862	0.706	0.990	6
480	129871254	43.290418	-160.679	171.982	0.798	0.786	0.810	0.992	8
481	129898081	43.299360	-110.276	117.608	0.710	0.831	0.589	0.975	2
482	129902223	43.300741	-67.510	-63.844	0.632	0.677	0.587	0.966	3
483	129971492	43.323831	-161.290	178.091	0.646	0.668	0.624	0.993	2
484	129992100	43.330700	-93.781	-87.671	0.747	0.818	0.675	0.949	2
485	130000551	43.333517	-119.746	106.610	0.914	0.923	0.906	0.987	10
486	130019043	43.339681	-33.297	-41.850	0.856	0.831	0.881	0.954	9
487	130025113	43.341704	-104.778	111.498	0.791	0.863	0.720	0.993	3
488	130047554	43.349185	-106.305	113.025	0.570	0.665	0.475	0.988	3
489	130064027	43.354676	-82.478	-73.314	0.775	0.847	0.703	0.990	4
490	130088431	43.362810	-92.864	-84.616	0.794	0.827	0.761	0.982	6
491	130094567	43.364856	176.870	-155.181	0.796	0.764	0.829	0.989	4
492	130123484	43.374495	-214.137	233.688	0.823	0.832	0.814	0.993	8
493	130131925	43.377308	117.302	-114.553	0.871	0.849	0.893	0.993	6
494	130134350	43.378117	-157.319	177.480	0.718	0.786	0.651	0.993	7
495	130150147	43.383382	-164.345	171.982	0.790	0.797	0.784	0.994	8
496	130243956	43.414652	-70.565	91.948	0.695	0.850	0.539	0.989	4
497	130260399	43.420133	85.533	-87.060	0.865	0.882	0.848	0.994	6
498	130359942	43.453314	-147.544	127.688	0.769	0.830	0.707	0.991	5
499	130380368	43.460123	-97.446	-92.559	0.678	0.705	0.652	0.969	5
500	130387429	43.462476	-137.463	123.412	0.868	0.892	0.844	0.992	8
501	130409953	43.469984	-115.775	113.331	0.863	0.901	0.825	0.994	9
502	130605430	43.535143	-136.241	94.391	0.884	0.886	0.882	0.993	8
503	130634453	43.544818	-164.956	172.898	0.584	0.564	0.604	0.993	5
504	130770692	43.590231	-113.331	100.501	0.878	0.903	0.853	0.980	9
505	130812468	43.604156	-125.855	126.466	0.846	0.863	0.829	0.994	7
506	130876750	43.625583	-95.308	-92.253	0.623	0.699	0.547	0.991	3
507	130926493	43.642164	115.775	-122.495	0.856	0.836	0.875	0.994	9
508	131075048	43.691683	-97.752	-96.530	0.533	0.633	0.432	0.992	2
509	131135430	43.711810	-23.827	-36.351	0.874	0.879	0.868	0.991	10
510	131161276	43.720425	-214.748	233.382	0.709	0.679	0.739	0.719	3
511	131193163	43.731054	-55.902	-45.516	0.681	0.741	0.620	0.993	4
512	131208734	43.736245	-121.273	136.241	0.747	0.861	0.632	0.990	9
513	131253834	43.751278	-110.887	109.054	0.736	0.838	0.634	0.993	7
514	131289296	43.763099	-68.121	-65.371	0.794	0.831	0.758	0.981	8
515	131303935	43.767978	-215.359	233.993	0.796	0.789	0.804	0.994	6
516	131305137	43.768379	-109.054	126.772	0.654	0.777	0.531	0.986	2
517	131308820	43.769607	24.438	-24.743	0.851	0.830	0.871	0.994	7
518	131324072	43.774691	-151.821	175.648	0.662	0.768	0.557	0.980	6
519	131329415	43.776472	-10.692	-9.470	0.866	0.870	0.861	0.905	10
520	131336765	43.778922	-167.094	182.368	0.554	0.462	0.646	0.986	2
521	131354083	43.784694	-177.480	178.091	0.528	0.439	0.617	0.982	2
522	131374121	43.791374	-65.371	233.688	0.701	0.754	0.649	0.963	4
523	131394621	43.798207	-80.645	-73.314	0.775	0.831	0.719	0.985	4
524	131421992	43.807331	-16.496	-15.579	0.869	0.871	0.867	0.975	9
525	131472482	43.824161	-181.452	185.117	0.512	0.463	0.560	0.988	7
526	131478989	43.826330	-198.253	175.342	0.732	0.710	0.755	0.988	9
527	131481579	43.827193	84.311	-105.083	0.782	0.807	0.756	0.977	2
528	131520891	43.840297	-155.792	180.535	0.627	0.604	0.651	0.967	2
529	131544231	43.848077	-157.625	176.870	0.710	0.782	0.638	0.990	5
530	131560629	43.853543	-138.991	90.115	0.815	0.870	0.761	0.993	2
531	131573599	43.857866	-95.613	-79.729	0.724	0.873	0.575	0.994	2
532	131582997	43.860999	-166.178	184.201	0.718	0.722	0.715	0.967	7
533	131588563	43.862854	-101.417	8.859	0.742	0.827	0.656	0.985	2
534	131599768	43.866589	87.977	-110.276	0.851	0.862	0.840	0.986	6
535	131603863	43.867954	-56.818	-57.429	0.670	0.660	0.681	0.991	7
536	131609164	43.869721	-149.071	172.287	0.725	0.746	0.704	0.987	8
537	131612879	43.870960	38.184	-28.715	0.821	0.768	0.874	0.990	3
538	131615423	43.871808	-108.138	109.665	0.812	0.855	0.770	0.992	6
539	131624211	43.874737	3.666	-40.934	0.754	0.711	0.798	0.983	4
540	131633835	43.877945	-105.694	7.637	0.707	0.818	0.597	0.982	3
541	131639776	43.879925	120.357	-120.051	0.700	0.523	0.878	0.993	3
542	131644896	43.881632	-34.519	-60.484	0.894	0.897	0.891	0.981	9
543	131667517	43.889172	-118.829	127.688	0.830	0.870	0.790	0.988	9
544	131692771	43.897590	-31.464	11.913	0.892	0.940	0.845	0.994	9
545	131699461	43.899820	-40.323	-65.371	0.667	0.482	0.851	0.939	3
546	131718596	43.906199	-73.619	-68.121	0.778	0.877	0.679	0.920	3
547	131719549	43.906516	124.328	-116.997	0.851	0.803	0.898	0.991	9
548	131734282	43.911427	-153.959	110.582	0.542	0.639	0.446	0.991	3
549	131743279	43.914426	-33.908	-65.371	0.862	0.834	0.890	0.990	7
550	131769788	43.923263	-28.104	-27.798	0.814	0.809	0.819	0.989	7
551	131800537	43.933512	-65.371	-30.853	0.808	0.935	0.682	0.991	4
552	131844119	43.948040	-213.832	233.993	0.706	0.702	0.710	0.964	2
553	131872872	43.957624	41.544	-21.689	0.831	0.783	0.879	0.992	4
554	131883027	43.961009	-48.570	-58.957	0.814	0.826	0.801	0.962	2
555	131888952	43.962984	31.464	-26.576	0.871	0.857	0.885	0.994	10
556	131894294	43.964765	-62.928	-71.175	0.772	0.681	0.863	0.983	6
557	131901958	43.967319	-50.709	-70.259	0.750	0.639	0.860	0.940	4
558	131905036	43.968345	-37.879	-66.593	0.659	0.575	0.742	0.957	3
559	131909381	43.969794	-48.570	-67.510	0.864	0.837	0.892	0.974	4
