EventID	ArrivalGlobalIdx	ArrivalTime_s	X_mm	Y_mm	LocateConf	MaxX	MaxY	DetectConf	HitCount
1	1706	0.000569	114.247	-117.302	0.863	0.842	0.884	0.992	9
2	25169	0.008390	-170.149	224.829	0.687	0.734	0.641	0.983	10
3	32598	0.010866	5.804	-23.827	0.903	0.915	0.892	0.983	9
4	38696	0.012899	179.924	-136.241	0.713	0.640	0.786	0.987	7
5	47833	0.015944	-159.457	215.970	0.815	0.856	0.774	0.994	10
6	56064	0.018688	-243.157	185.728	0.844	0.904	0.784	0.995	10
7	77409	0.025803	-81.256	-76.369	0.611	0.694	0.527	0.979	2
8	83573	0.027858	-29.936	-0.916	0.875	0.876	0.874	0.995	6
9	85983	0.028661	-215.054	232.771	0.648	0.632	0.664	0.988	8
10	104726	0.034909	-165.872	235.521	0.600	0.603	0.598	0.993	4
11	131673	0.043891	-215.970	234.910	0.805	0.801	0.809	0.987	8
12	140871	0.046957	-19.856	-42.155	0.667	0.618	0.716	0.976	2
13	143633	0.047878	-214.443	234.910	0.720	0.670	0.771	0.981	3
14	157784	0.052595	-193.976	228.800	0.579	0.630	0.528	0.990	4
15	176364	0.058788	-33.908	-64.455	0.870	0.848	0.891	0.968	9
16	180879	0.060293	-225.745	232.466	0.544	0.444	0.643	0.921	2
17	182021	0.060674	-215.359	234.910	0.761	0.774	0.748	0.967	4
18	214512	0.071504	231.855	-220.552	0.579	0.638	0.520	0.984	2
19	227735	0.075912	-193.976	230.022	0.533	0.495	0.571	0.992	2
20	252240	0.084080	-214.748	233.993	0.736	0.749	0.724	0.946	2
21	259926	0.086642	-214.443	233.077	0.739	0.722	0.756	0.986	8
22	262963	0.087654	-208.639	232.160	0.568	0.464	0.671	0.992	3
23	264151	0.088050	234.604	-215.970	0.706	0.776	0.636	0.878	8
24	270664	0.090221	-69.343	48.570	0.938	0.947	0.930	0.996	10
25	298447	0.099482	-156.097	217.192	0.860	0.893	0.827	0.995	10
26	333055	0.111018	-214.137	234.299	0.700	0.761	0.638	0.961	3
27	333055	0.111018	-212.610	-206.195	0.647	0.665	0.628	0.949	3
28	333053	0.111018	-214.443	236.437	0.684	0.723	0.644	0.958	2
29	350178	0.116726	-142.045	178.702	0.651	0.748	0.554	0.994	6
30	367708	0.122569	-213.526	225.440	0.667	0.737	0.598	0.975	8
31	382439	0.127480	-207.722	-206.500	0.547	0.551	0.543	0.798	3
32	403153	0.134384	-214.748	234.604	0.785	0.803	0.767	0.969	9
33	414886	0.138295	177.175	-171.065	0.499	0.519	0.478	0.985	3
34	429201	0.143067	-40.017	-57.735	0.903	0.908	0.898	0.977	9
35	439870	0.146623	-172.898	226.662	0.624	0.663	0.585	0.990	7
36	451771	0.150590	-215.054	233.688	0.761	0.751	0.770	0.990	5
37	456468	0.152156	-214.137	233.382	0.759	0.741	0.776	0.953	4
38	463304	0.154435	-148.155	241.019	0.830	0.818	0.842	0.994	9
39	476825	0.158942	-166.178	222.385	0.707	0.783	0.631	0.986	9
40	481224	0.160408	81.867	-78.812	0.857	0.847	0.867	0.891	2
41	493590	0.164530	-174.731	225.745	0.662	0.700	0.625	0.983	8
42	518582	0.172861	-214.443	234.910	0.780	0.768	0.793	0.902	7
43	634110	0.211370	234.604	-120.968	0.716	0.765	0.666	0.990	4
44	673778	0.224593	-160.985	233.382	0.714	0.799	0.630	0.992	9
45	705250	0.235083	232.466	-220.247	0.628	0.711	0.544	0.970	10
46	773213	0.257738	-31.464	-65.982	0.765	0.725	0.804	0.991	3
47	779695	0.259898	-150.599	224.829	0.814	0.876	0.753	0.992	9
48	783562	0.261187	-158.541	226.051	0.728	0.776	0.680	0.991	9
49	816611	0.272204	203.446	-183.590	0.793	0.766	0.821	0.990	9
50	842161	0.280720	-177.786	218.414	0.863	0.891	0.834	0.993	10
51	860848	0.286949	234.604	-153.348	0.701	0.651	0.750	0.976	8
52	902922	0.300974	-215.665	233.688	0.762	0.803	0.721	0.969	4
53	906038	0.302013	99.890	-104.778	0.820	0.785	0.856	0.992	8
54	914353	0.304784	-159.152	224.523	0.677	0.774	0.581	0.992	10
55	935611	0.311870	-172.287	221.469	0.713	0.756	0.670	0.972	9
56	1059913	0.353304	-103.556	84.616	0.903	0.897	0.909	0.994	6
57	1088428	0.362809	185.423	-155.181	0.764	0.713	0.816	0.990	8
58	1099843	0.366614	-213.832	233.688	0.703	0.739	0.666	0.786	2
59	1146467	0.382156	233.993	-214.748	0.738	0.801	0.675	0.792	6
60	1174781	0.391594	-217.192	229.411	0.506	0.439	0.573	0.988	3
61	1229738	0.409913	107.832	-97.141	0.712	0.684	0.740	0.854	2
62	1264958	0.421653	126.466	-117.913	0.815	0.759	0.871	0.992	9
63	1288798	0.429599	96.530	-89.504	0.766	0.776	0.757	0.991	4
64	1339703	0.446568	-69.648	39.406	0.814	0.905	0.723	0.989	6
65	1342878	0.447626	200.086	-178.091	0.539	0.525	0.553	0.987	5
66	1343597	0.447866	-202.529	222.691	0.482	0.429	0.535	0.986	5
67	1404335	0.468112	-174.426	202.835	0.894	0.904	0.884	0.996	10
68	1430602	0.476867	163.734	-160.374	0.688	0.680	0.697	0.991	5
69	1490682	0.496894	-165.261	231.244	0.711	0.807	0.615	0.991	4
70	1562762	0.520921	-94.391	-88.282	0.723	0.802	0.645	0.992	2
71	1590187	0.530062	-145.711	228.800	0.837	0.873	0.800	0.994	9
72	1638083	0.546028	-168.622	231.244	0.695	0.773	0.617	0.993	9
73	1675320	0.558440	-214.137	234.604	0.810	0.825	0.794	0.989	8
74	1711841	0.570614	-214.137	234.910	0.787	0.806	0.767	0.976	4
75	1917827	0.639276	-214.443	233.688	0.750	0.704	0.795	0.990	3
76	1917828	0.639276	-208.639	-206.806	0.467	0.477	0.458	0.982	2
77	2000045	0.666682	-215.054	232.466	0.647	0.655	0.638	0.976	10
78	2001917	0.667306	-154.875	222.691	0.861	0.902	0.820	0.994	10
79	2137844	0.712615	-215.054	233.077	0.762	0.814	0.709	0.989	7
80	2141167	0.713722	-215.359	234.299	0.769	0.756	0.781	0.992	3
81	2231954	0.743985	-95.002	91.948	0.784	0.844	0.724	0.993	7
82	2242574	0.747525	-164.956	235.521	0.687	0.729	0.645	0.994	9
83	2244272	0.748091	-146.322	235.521	0.769	0.826	0.713	0.994	9
84	2294731	0.764910	-208.639	229.717	0.610	0.596	0.625	0.789	4
85	2311605	0.770535	120.357	-125.244	0.710	0.602	0.819	0.993	2
86	2336219	0.778740	233.688	-214.748	0.652	0.709	0.595	0.925	6
87	2433568	0.811189	-164.345	235.826	0.709	0.735	0.683	0.995	9
88	2456495	0.818832	-150.293	240.408	0.814	0.821	0.806	0.988	9
89	2675661	0.891887	-210.472	231.855	0.692	0.747	0.637	0.806	9
90	2701664	0.900555	236.131	-225.134	0.731	0.808	0.654	0.994	10
91	2910457	0.970152	-149.988	224.523	0.814	0.847	0.782	0.996	10
92	2928351	0.976117	-214.748	234.604	0.766	0.788	0.744	0.947	8
93	3031671	1.010557	-164.040	234.910	0.639	0.692	0.586	0.994	7
94	3041688	1.013896	-215.359	233.993	0.770	0.761	0.779	0.915	4
95	3164459	1.054820	-214.137	233.688	0.800	0.799	0.801	0.951	5
96	3273038	1.091013	164.956	-159.763	0.779	0.715	0.843	0.965	9
97	3311306	1.103769	-95.002	84.005	0.890	0.897	0.883	0.994	6
98	3343626	1.114542	-208.944	228.800	0.638	0.617	0.659	0.992	9
99	3459822	1.153274	-35.740	-64.455	0.878	0.872	0.883	0.994	10
100	3554171	1.184724	-154.264	233.993	0.738	0.813	0.664	0.994	8
101	3618446	1.206149	-30.547	25.049	0.910	0.901	0.919	0.986	7
102	3824990	1.274997	-96.530	-95.002	0.670	0.672	0.669	0.935	4
103	3943104	1.314368	-176.259	225.134	0.653	0.667	0.640	0.990	8
104	3951574	1.317191	-215.054	227.578	0.603	0.620	0.586	0.738	2
105	4062362	1.354121	-215.970	234.299	0.774	0.746	0.802	0.987	3
106	4155651	1.385217	-214.137	233.382	0.786	0.802	0.770	0.988	7
107	4281393	1.427131	-166.483	228.495	0.687	0.760	0.613	0.993	9
108	4299685	1.433228	-156.403	238.270	0.826	0.853	0.798	0.995	9
109	4315898	1.438633	-190.310	211.388	0.878	0.898	0.857	0.994	9
110	4411049	1.470350	-229.411	233.382	0.554	0.430	0.677	0.989	5
111	4491829	1.497276	-177.480	218.109	0.830	0.881	0.779	0.993	10
112	4586159	1.528720	-154.570	241.630	0.864	0.885	0.844	0.997	10
113	4744381	1.581460	-171.982	218.719	0.612	0.711	0.513	0.986	9
114	4870275	1.623425	233.382	-215.665	0.826	0.810	0.843	0.991	10
115	4979441	1.659814	-154.570	221.163	0.859	0.902	0.815	0.994	10
116	5183700	1.727900	-168.622	235.521	0.664	0.728	0.600	0.992	5
117	5316121	1.772040	-171.676	235.826	0.642	0.602	0.682	0.994	9
118	5472927	1.824309	-207.111	226.967	0.580	0.541	0.618	0.990	9
119	5673126	1.891042	-174.731	221.469	0.685	0.764	0.605	0.979	9
120	5711807	1.903936	-96.835	-92.864	0.632	0.661	0.603	0.989	3
121	5961032	1.987011	-172.287	230.022	0.668	0.715	0.620	0.992	7
122	6111996	2.037332	-74.536	-69.648	0.609	0.708	0.509	0.992	2
123	6154523	2.051508	-96.224	84.922	0.879	0.862	0.896	0.993	3
124	6182202	2.060734	-215.359	233.993	0.800	0.812	0.787	0.992	7
125	6240746	2.080249	-215.359	234.299	0.812	0.810	0.815	0.989	7
126	6312587	2.104196	-214.137	234.299	0.812	0.804	0.820	0.977	8
127	6459098	2.153033	-214.443	233.688	0.811	0.806	0.815	0.989	9
128	6592790	2.197597	128.299	-124.328	0.858	0.839	0.878	0.995	9
129	6952446	2.317482	-214.443	233.077	0.715	0.693	0.738	0.958	8
130	7278314	2.426105	-214.443	233.688	0.768	0.788	0.749	0.971	9
131	7452809	2.484270	-112.414	101.112	0.750	0.828	0.671	0.989	2
132	7638451	2.546150	-164.345	222.080	0.666	0.725	0.607	0.989	10
133	7712231	2.570744	-176.870	226.356	0.626	0.636	0.616	0.989	7
134	7800917	2.600306	180.535	-161.596	0.734	0.724	0.743	0.991	8
135	7994481	2.664827	174.426	-152.432	0.784	0.747	0.822	0.989	9
136	8009214	2.669738	-179.008	213.526	0.870	0.896	0.844	0.994	9
137	8600762	2.866921	-120.662	124.939	0.896	0.901	0.891	0.992	10
138	9063788	3.021263	112.414	-113.636	0.804	0.761	0.846	0.986	7
139	9459658	3.153219	118.829	-130.743	0.858	0.833	0.882	0.989	9
140	9787953	3.262651	112.414	-117.913	0.904	0.897	0.912	0.994	10
141	9957610	3.319203	-214.748	233.382	0.785	0.784	0.786	0.937	5
142	10126241	3.375414	-89.809	0.916	0.794	0.867	0.720	0.994	3
143	10837394	3.612465	233.993	-215.359	0.791	0.786	0.797	0.966	9
144	10879856	3.626619	-214.443	234.604	0.772	0.762	0.782	0.965	7
145	11329450	3.776483	-215.359	234.604	0.784	0.782	0.786	0.739	5
146	11469434	3.823145	183.284	-152.432	0.762	0.723	0.801	0.990	9
147	11577467	3.859156	114.553	-110.887	0.838	0.812	0.864	0.992	8
148	12115094	4.038365	-149.377	177.786	0.596	0.694	0.497	0.988	7
149	12141853	4.047284	-216.581	232.771	0.563	0.451	0.674	0.971	6
150	12868479	4.289493	-34.824	-65.066	0.889	0.889	0.890	0.984	10
151	13034899	4.344966	-165.872	184.201	0.610	0.521	0.700	0.992	7
152	13098622	4.366207	102.028	-108.749	0.837	0.803	0.871	0.992	9
153	13276926	4.425642	126.161	-122.495	0.902	0.903	0.901	0.995	10
154	13290359	4.430120	87.977	-116.997	0.843	0.827	0.859	0.984	3
155	13673255	4.557752	37.573	-32.380	0.768	0.670	0.866	0.991	7
156	13778312	4.592771	-149.682	175.648	0.629	0.705	0.554	0.992	5
157	14281245	4.760415	234.299	-214.748	0.619	0.732	0.506	0.962	2
158	14530165	4.843388	111.498	-118.829	0.854	0.823	0.885	0.994	9
159	14853047	4.951016	-160.679	182.063	0.690	0.688	0.693	0.985	4
160	15179938	5.059979	-214.137	233.993	0.794	0.784	0.803	0.953	4
161	16348680	5.449560	-121.579	128.605	0.851	0.871	0.832	0.976	9
162	16900275	5.633425	-151.821	170.760	0.792	0.805	0.780	0.992	9
163	17724690	5.908230	-114.247	124.633	0.876	0.886	0.866	0.994	9
164	18317376	6.105792	40.628	-21.078	0.822	0.807	0.837	0.990	5
165	18507268	6.169089	-124.328	143.573	0.810	0.865	0.756	0.986	9
166	19077398	6.359133	85.838	-73.008	0.832	0.825	0.839	0.982	2
167	19167913	6.389304	-136.547	151.515	0.608	0.711	0.505	0.979	2
168	19430715	6.476905	-141.129	136.547	0.841	0.882	0.800	0.994	9
169	19538445	6.512815	-160.985	183.284	0.786	0.828	0.744	0.992	9
170	19675577	6.558526	-108.138	112.109	0.732	0.821	0.642	0.987	8
171	19840693	6.613564	-157.319	182.979	0.572	0.548	0.596	0.990	2
172	20051246	6.683749	131.048	-116.386	0.811	0.758	0.863	0.992	2
173	20058717	6.686239	124.633	-121.273	0.905	0.908	0.902	0.996	9
174	20402227	6.800742	-148.766	173.815	0.737	0.805	0.668	0.995	9
175	20608458	6.869486	-169.233	179.924	0.815	0.837	0.792	0.986	7
176	21211164	7.070388	-154.570	177.786	0.579	0.642	0.517	0.988	4
177	21252112	7.084037	-214.443	234.604	0.683	0.628	0.739	0.976	3
178	21634647	7.211549	170.149	-146.322	0.775	0.722	0.827	0.992	8
179	21790366	7.263455	-127.077	152.432	0.794	0.848	0.739	0.988	9
180	21830108	7.276703	-158.541	178.397	0.566	0.475	0.657	0.973	3
181	21852456	7.284152	-121.579	169.233	0.626	0.828	0.424	0.982	3
182	22380631	7.460210	-110.887	119.440	0.867	0.878	0.856	0.986	9
183	23336651	7.778884	-159.152	165.872	0.842	0.826	0.859	0.994	9
184	23535978	7.845326	-117.608	113.025	0.881	0.911	0.850	0.994	9
185	24079965	8.026655	173.204	-143.878	0.722	0.615	0.829	0.856	5
186	24314814	8.104938	-155.486	175.953	0.719	0.771	0.667	0.992	9
187	24343235	8.114412	-110.582	120.051	0.704	0.800	0.607	0.990	2
188	24386882	8.128961	-118.524	115.164	0.668	0.805	0.531	0.975	2
189	24432740	8.144247	-157.625	177.480	0.751	0.812	0.690	0.994	8
190	25190969	8.396990	-78.201	58.346	0.838	0.886	0.789	0.994	3
191	25250180	8.416727	181.146	-157.319	0.563	0.543	0.583	0.716	2
192	25581679	8.527226	233.688	-215.970	0.672	0.771	0.572	0.968	5
193	25707173	8.569058	-144.489	169.233	0.707	0.763	0.650	0.993	7
194	25965398	8.655133	233.688	-215.970	0.642	0.758	0.527	0.984	9
195	25966689	8.655563	237.964	-237.048	0.708	0.782	0.634	0.983	9
196	26382453	8.794151	-96.835	-1.222	0.800	0.858	0.742	0.993	3
197	27036616	9.012205	-98.668	103.556	0.775	0.835	0.715	0.992	4
198	27245117	9.081706	-42.155	-16.496	0.750	0.716	0.784	0.993	2
199	27899164	9.299721	-214.443	234.910	0.826	0.824	0.827	0.953	9
200	28045897	9.348632	-156.097	177.175	0.674	0.741	0.607	0.844	7
201	28141498	9.380499	-188.783	185.423	0.725	0.676	0.774	0.989	9
202	28808914	9.602971	-152.126	145.100	0.834	0.887	0.782	0.991	9
203	29045368	9.681789	92.864	-118.218	0.890	0.887	0.893	0.994	7
204	29211380	9.737127	-102.639	112.414	0.645	0.744	0.546	0.986	4
205	29298126	9.766042	236.131	-229.717	0.845	0.852	0.837	0.994	10
206	29301031	9.767010	235.521	-216.887	0.770	0.805	0.735	0.988	9
207	29338190	9.779397	-96.835	-94.391	0.673	0.697	0.649	0.771	2
208	29609243	9.869748	-153.043	178.397	0.712	0.758	0.667	0.990	7
209	29798313	9.932771	-214.748	233.993	0.773	0.770	0.776	0.972	6
210	29800482	9.933494	-157.625	179.924	0.610	0.641	0.578	0.983	5
211	29893192	9.964397	-242.546	229.717	0.803	0.850	0.756	0.994	9
212	30054350	10.018117	-215.359	233.688	0.793	0.791	0.796	0.993	7
213	30105845	10.035282	-158.847	171.371	0.791	0.802	0.780	0.991	8
214	30182646	10.060882	-200.391	232.771	0.680	0.641	0.719	0.992	6
215	30572625	10.190875	184.201	-162.818	0.804	0.820	0.788	0.994	4
216	30587162	10.195721	-55.902	13.746	0.861	0.929	0.793	0.983	7
217	30846063	10.282021	-215.665	234.604	0.786	0.777	0.795	0.994	6
218	31120775	10.373592	-90.726	-88.282	0.757	0.770	0.743	0.993	3
219	31285154	10.428385	-161.290	183.895	0.630	0.580	0.680	0.978	5
220	31367620	10.455873	-123.412	105.694	0.902	0.917	0.887	0.988	9
221	31491636	10.497212	-108.749	123.106	0.740	0.829	0.650	0.993	9
222	31727226	10.575742	-108.749	115.775	0.607	0.727	0.488	0.988	2
223	31815907	10.605302	86.144	-128.910	0.815	0.832	0.797	0.976	8
224	31841408	10.613803	-86.144	76.674	0.906	0.917	0.895	0.992	6
225	31880048	10.626683	-113.025	116.997	0.856	0.881	0.831	0.989	10
226	32168909	10.722970	124.939	-131.354	0.860	0.839	0.882	0.989	9
227	32254030	10.751343	-36.657	-59.262	0.847	0.854	0.839	0.993	9
228	32317737	10.772579	-36.657	-66.593	0.658	0.592	0.724	0.992	3
229	32514704	10.838235	227.578	-218.414	0.529	0.558	0.500	0.707	4
230	32951555	10.983852	-214.748	232.160	0.713	0.703	0.723	0.803	6
231	33273671	11.091224	186.645	-194.282	0.594	0.643	0.545	0.988	4
232	33466677	11.155559	-88.587	-81.562	0.751	0.818	0.684	0.987	2
233	33568568	11.189523	85.533	-81.256	0.867	0.872	0.862	0.990	2
234	33576056	11.192019	-164.651	184.812	0.736	0.750	0.722	0.994	7
235	33597058	11.199019	-214.443	234.299	0.784	0.779	0.788	0.961	4
236	33727228	11.242409	-30.547	-62.622	0.869	0.839	0.898	0.809	8
237	34098124	11.366041	-159.457	182.674	0.715	0.706	0.724	0.992	4
238	34164328	11.388109	-81.562	-77.896	0.702	0.815	0.588	0.920	2
239	34164583	11.388194	-107.527	117.913	0.665	0.754	0.577	0.987	5
240	34613345	11.537782	-214.137	233.993	0.811	0.807	0.815	0.992	7
241	35002567	11.667522	-161.901	179.619	0.709	0.780	0.638	0.993	8
242	35019614	11.673205	-140.518	120.968	0.909	0.928	0.890	0.991	9
243	35057380	11.685793	167.094	-201.002	0.488	0.484	0.492	0.988	2
244	35100148	11.700049	-107.832	120.662	0.685	0.764	0.606	0.986	7
245	35118559	11.706186	-112.109	126.161	0.715	0.810	0.621	0.996	8
246	35177770	11.725923	-107.832	112.109	0.684	0.795	0.574	0.917	8
247	35184702	11.728234	-114.247	122.190	0.642	0.784	0.500	0.992	2
248	35620699	11.873566	-90.115	-87.060	0.742	0.748	0.736	0.957	2
249	35802448	11.934149	-75.758	-71.786	0.568	0.699	0.436	0.974	2
250	35832660	11.944220	183.590	-157.625	0.785	0.751	0.819	0.941	6
251	36026910	12.008970	-150.599	164.651	0.594	0.777	0.411	0.977	2
252	36230464	12.076821	-160.985	183.284	0.791	0.841	0.741	0.995	6
253	36638888	12.212963	-113.942	125.550	0.726	0.808	0.645	0.989	9
254	36682357	12.227452	-156.097	166.789	0.842	0.836	0.847	0.981	8
255	36810093	12.270031	-212.915	229.717	0.719	0.713	0.725	0.989	9
256	36823984	12.274661	84.616	-108.749	0.849	0.864	0.834	0.992	8
257	37410570	12.470190	-118.218	123.106	0.755	0.859	0.651	0.989	8
258	37462139	12.487380	193.365	-172.287	0.688	0.656	0.720	0.988	7
259	37662314	12.554105	91.948	-82.173	0.776	0.733	0.819	0.986	3
260	37868003	12.622668	-147.849	170.149	0.698	0.766	0.631	0.981	9
261	38075929	12.691976	-151.210	126.772	0.739	0.831	0.646	0.994	6
262	38201289	12.733763	-35.130	-60.178	0.874	0.905	0.844	0.988	9
263	38206912	12.735637	-215.054	234.299	0.796	0.785	0.806	0.990	7
264	38237571	12.745857	-162.818	184.201	0.669	0.665	0.673	0.960	9
265	38417036	12.805679	109.665	-109.054	0.773	0.714	0.832	0.993	3
266	38533028	12.844343	141.740	-149.988	0.823	0.774	0.872	0.993	9
267	38558534	12.852845	-154.875	175.342	0.735	0.741	0.730	0.990	9
268	38586728	12.862243	-147.239	132.576	0.903	0.911	0.895	0.971	10
269	38724966	12.908322	-109.360	123.106	0.822	0.847	0.797	0.993	7
270	38885544	12.961848	-121.579	124.328	0.924	0.920	0.928	0.994	10
271	38984950	12.994983	-213.526	231.855	0.688	0.734	0.643	0.728	2
272	39235325	13.078442	109.971	-113.025	0.709	0.584	0.834	0.994	3
273	39418426	13.139475	-87.671	107.527	0.670	0.655	0.685	0.989	5
274	39463266	13.154422	-122.801	132.881	0.863	0.896	0.830	0.990	10
275	39578648	13.192883	162.818	-179.619	0.618	0.680	0.556	0.989	3
276	39621390	13.207130	-88.282	-80.340	0.719	0.778	0.661	0.992	3
277	39675467	13.225156	-116.997	104.472	0.919	0.937	0.901	0.983	10
278	40499259	13.499753	-75.758	-71.786	0.794	0.832	0.757	0.935	2
279	40670771	13.556924	21.383	-51.014	0.916	0.907	0.925	0.994	9
280	40841003	13.613668	118.218	-113.331	0.652	0.460	0.844	0.988	3
281	40944828	13.648276	-93.781	-84.005	0.600	0.795	0.406	0.990	2
282	41329966	13.776655	104.472	-85.227	0.797	0.785	0.809	0.992	9
283	41396062	13.798687	113.636	-106.610	0.635	0.491	0.779	0.992	4
284	41545195	13.848398	173.204	-124.939	0.834	0.815	0.852	0.991	9
285	41552438	13.850813	-142.351	129.826	0.907	0.922	0.892	0.973	10
286	41719891	13.906630	-171.371	182.063	0.655	0.634	0.677	0.986	6
287	41730983	13.910328	-215.054	233.688	0.797	0.792	0.803	0.990	9
288	41852339	13.950780	-214.137	234.604	0.828	0.837	0.819	0.988	8
289	41869985	13.956662	-119.440	127.994	0.819	0.872	0.767	0.986	3
290	41869985	13.956662	-115.164	121.884	0.708	0.876	0.539	0.985	2
291	41882110	13.960703	235.215	-215.359	0.758	0.812	0.704	0.959	9
292	42255865	14.085288	-167.400	184.201	0.480	0.406	0.554	0.987	2
293	42307196	14.102399	-171.371	228.495	0.610	0.661	0.559	0.990	9
294	42345139	14.115046	-87.977	-80.340	0.775	0.846	0.703	0.985	4
295	42392586	14.130862	118.524	-109.665	0.739	0.659	0.819	0.992	7
296	42432983	14.144328	-41.850	34.213	0.918	0.932	0.905	0.993	9
297	42977237	14.325746	231.855	-227.273	0.594	0.704	0.483	0.973	2
298	43148641	14.382880	107.832	-92.864	0.760	0.750	0.770	0.994	4
299	43239593	14.413198	-113.025	125.855	0.758	0.844	0.673	0.993	6
300	43403044	14.467681	-148.155	176.259	0.585	0.709	0.461	0.960	5
301	43457344	14.485781	-195.809	208.944	0.484	0.496	0.471	0.980	4
302	43473380	14.491127	-162.512	241.325	0.821	0.819	0.822	0.995	9
303	43498440	14.499480	164.040	-136.241	0.835	0.796	0.874	0.988	10
304	43632579	14.544193	104.778	-114.553	0.916	0.918	0.914	0.995	9
305	43729126	14.576375	-177.480	183.895	0.550	0.525	0.575	0.957	2
306	43827049	14.609016	-155.792	180.230	0.666	0.677	0.654	0.990	3
307	43965779	14.655260	79.118	-45.821	0.717	0.658	0.776	0.989	2
308	43975445	14.658482	119.440	-135.325	0.796	0.744	0.847	0.990	5
309	44010014	14.670005	-97.446	-87.060	0.779	0.830	0.729	0.991	7
310	44204834	14.734945	-121.273	115.164	0.932	0.942	0.922	0.955	10
311	44214356	14.738119	-86.144	-83.089	0.713	0.744	0.682	0.878	2
312	44397349	14.799116	-120.662	113.025	0.933	0.942	0.924	0.992	10
313	44645363	14.881788	-162.512	163.123	0.877	0.865	0.889	0.994	9
314	44685714	14.895238	-29.020	26.882	0.660	0.783	0.538	0.992	2
315	44713987	14.904662	-157.319	179.924	0.580	0.665	0.494	0.990	4
316	45060403	15.020134	-147.849	174.731	0.639	0.738	0.540	0.988	7
317	45337766	15.112589	-149.377	175.342	0.769	0.825	0.713	0.993	5
318	45438518	15.146173	182.368	-148.155	0.647	0.588	0.706	0.861	4
319	45445657	15.148552	84.311	-80.340	0.870	0.862	0.879	0.990	2
320	45839794	15.279931	137.158	-146.933	0.840	0.799	0.882	0.995	9
321	45852882	15.284294	-157.319	183.284	0.733	0.804	0.661	0.985	8
322	45890941	15.296980	55.596	-80.645	0.877	0.870	0.884	0.968	7
323	45910905	15.303635	-99.585	111.498	0.837	0.833	0.842	0.994	9
324	46036153	15.345384	-163.429	178.091	0.582	0.585	0.580	0.966	3
325	46072150	15.357383	-97.752	111.193	0.653	0.668	0.638	0.993	2
326	46081260	15.360420	-115.775	115.164	0.700	0.835	0.566	0.990	8
327	46220448	15.406816	-159.152	183.284	0.705	0.782	0.628	0.991	5
328	46324220	15.441407	-79.118	85.227	0.851	0.883	0.818	0.994	8
329	46342928	15.447643	-148.155	176.259	0.613	0.745	0.480	0.991	6
330	46346426	15.448809	165.872	-137.463	0.656	0.509	0.804	0.989	4
331	46356077	15.452026	184.506	-146.322	0.762	0.702	0.822	0.948	6
332	46389037	15.463012	-147.849	178.702	0.613	0.727	0.500	0.990	5
333	46409542	15.469847	-111.193	107.527	0.873	0.906	0.840	0.993	10
334	46431413	15.477138	181.757	-166.178	0.713	0.718	0.708	0.971	6
335	46516668	15.505556	117.913	-115.775	0.667	0.488	0.845	0.991	2
336	46544961	15.514987	108.443	-119.440	0.755	0.667	0.844	0.869	7
337	46552975	15.517658	-103.250	114.247	0.655	0.764	0.546	0.981	2
338	46642674	15.547558	-144.489	167.094	0.628	0.757	0.500	0.994	7
339	46929213	15.643071	-115.775	124.022	0.727	0.823	0.631	0.992	6
340	47018840	15.672947	-143.878	173.815	0.790	0.849	0.732	0.989	9
341	47248282	15.749427	-106.000	110.582	0.620	0.704	0.537	0.984	2
342	47263849	15.754616	120.662	-117.913	0.781	0.708	0.855	0.993	7
343	47275978	15.758659	213.526	-181.757	0.580	0.469	0.690	0.979	9
344	47291628	15.763876	-95.308	-89.809	0.684	0.742	0.626	0.975	4
345	47521923	15.840641	128.910	-123.717	0.846	0.824	0.868	0.991	9
346	48042514	16.014171	82.783	-109.665	0.807	0.857	0.757	0.990	2
347	48096335	16.032112	-89.198	-87.060	0.766	0.778	0.754	0.983	7
348	48104178	16.034726	-69.648	39.712	0.927	0.929	0.926	0.993	8
349	48144599	16.048200	130.437	-116.080	0.666	0.507	0.825	0.991	4
350	48160274	16.053425	-156.097	184.201	0.775	0.826	0.725	0.988	9
351	48230559	16.076853	-32.075	-63.844	0.801	0.766	0.835	0.993	5
352	48253705	16.084568	-156.403	180.230	0.639	0.735	0.543	0.993	5
353	48318981	16.106327	-152.432	178.397	0.633	0.699	0.568	0.989	6
354	48408553	16.136184	-109.971	106.305	0.910	0.924	0.895	0.988	10
355	48454298	16.151433	102.945	-117.302	0.892	0.880	0.903	0.994	8
356	48462484	16.154161	-115.775	124.328	0.875	0.893	0.857	0.990	9
357	48821676	16.273892	-155.792	178.702	0.674	0.701	0.647	0.944	2
358	48890396	16.296799	-140.518	136.852	0.884	0.911	0.857	0.995	9
359	49225927	16.408642	180.230	-153.348	0.796	0.754	0.839	0.991	9
360	49229904	16.409968	-140.824	145.711	0.846	0.863	0.830	0.994	9
361	49277065	16.425688	-93.781	80.951	0.892	0.873	0.911	0.995	2
362	49353473	16.451158	-122.190	131.965	0.790	0.858	0.723	0.985	9
363	49382399	16.460800	-76.063	-71.786	0.748	0.790	0.706	0.985	3
364	49540089	16.513363	190.616	-157.319	0.730	0.664	0.796	0.992	7
365	49561377	16.520459	-156.403	165.567	0.846	0.835	0.858	0.993	6
366	49585521	16.528507	84.616	-147.849	0.672	0.763	0.581	0.991	3
367	49622095	16.540698	136.547	-123.106	0.624	0.424	0.823	0.766	2
368	49624053	16.541351	90.726	-83.700	0.857	0.842	0.873	0.994	9
369	49625537	16.541846	231.855	-211.694	0.530	0.628	0.432	0.989	5
370	49670234	16.556745	-67.204	29.631	0.869	0.909	0.830	0.990	7
371	49691987	16.563996	-113.636	125.855	0.803	0.859	0.747	0.988	8
372	49710164	16.570055	112.414	-109.054	0.753	0.673	0.832	0.992	2
373	49710741	16.570247	112.720	-113.636	0.735	0.634	0.837	0.990	2
374	49813970	16.604657	106.610	-120.051	0.912	0.912	0.912	0.994	10
375	50306148	16.768716	-154.875	174.731	0.723	0.783	0.663	0.986	7
376	50388478	16.796159	83.089	-88.893	0.836	0.876	0.797	0.989	2
377	50407413	16.802471	-149.682	166.178	0.787	0.802	0.771	0.990	8
378	50412766	16.804255	-56.818	-68.732	0.690	0.576	0.804	0.941	4
379	50459019	16.819673	181.146	-160.374	0.795	0.759	0.831	0.993	9
380	50544652	16.848217	-113.636	127.077	0.818	0.856	0.780	0.991	9
381	50861572	16.953857	-155.792	184.506	0.750	0.778	0.722	0.988	9
382	50881675	16.960558	165.261	-144.489	0.875	0.880	0.869	0.991	9
383	50883333	16.961111	-151.515	157.930	0.800	0.838	0.762	0.995	10
384	50937804	16.979268	233.382	-214.137	0.663	0.756	0.570	0.969	9
385	51030193	17.010064	-109.360	105.083	0.755	0.846	0.664	0.989	8
386	51062721	17.020907	176.564	-156.708	0.571	0.481	0.660	0.946	3
387	51122280	17.040760	-161.290	181.146	0.608	0.640	0.575	0.852	2
388	51135575	17.045192	-116.997	131.659	0.818	0.860	0.775	0.991	9
389	51164011	17.054670	-107.527	111.498	0.865	0.891	0.838	0.988	9
390	51282199	17.094066	-154.264	165.567	0.828	0.820	0.836	0.991	8
391	51393482	17.131161	-214.443	233.993	0.798	0.790	0.805	0.932	3
392	51454997	17.151666	184.201	-156.097	0.682	0.703	0.661	0.990	3
393	51507674	17.169225	233.688	-215.359	0.642	0.750	0.533	0.966	7
394	51516787	17.172262	-105.389	113.025	0.649	0.727	0.571	0.988	4
395	51526066	17.175355	-161.290	181.452	0.668	0.702	0.634	0.992	2
396	51615065	17.205022	-159.152	183.590	0.777	0.805	0.749	0.994	10
397	51617133	17.205711	-160.679	174.731	0.694	0.712	0.675	0.965	8
398	51620480	17.206827	-148.155	166.178	0.787	0.807	0.767	0.989	8
399	51664055	17.221352	-113.331	116.997	0.654	0.834	0.473	0.983	2
400	51706128	17.235376	-87.977	84.311	0.894	0.918	0.869	0.990	6
401	51741028	17.247009	90.115	-136.241	0.653	0.792	0.513	0.848	3
402	51755507	17.251836	-81.256	58.346	0.824	0.904	0.743	0.989	3
403	51784138	17.261379	-152.432	178.702	0.700	0.754	0.645	0.994	8
404	51800240	17.266747	235.215	-214.748	0.608	0.680	0.535	0.873	5
405	51820064	17.273355	-91.337	-84.616	0.734	0.784	0.685	0.982	3
406	51856973	17.285658	-156.708	179.008	0.699	0.765	0.633	0.988	3
407	51858542	17.286181	-156.403	175.953	0.793	0.813	0.773	0.920	3
408	51886278	17.295426	-120.662	127.688	0.770	0.854	0.685	0.958	7
409	51980184	17.326728	-160.679	181.146	0.587	0.515	0.660	0.991	4
410	52140951	17.380317	179.619	-156.708	0.799	0.805	0.794	0.990	7
411	52142802	17.380934	112.109	-112.109	0.792	0.749	0.836	0.992	8
412	52294328	17.431443	-59.567	-71.481	0.585	0.453	0.717	0.965	2
413	52350083	17.450028	-125.855	139.296	0.718	0.830	0.606	0.989	9
414	52355287	17.451762	-86.144	127.994	0.772	0.831	0.713	0.993	9
415	52423251	17.474417	116.997	-108.138	0.747	0.714	0.781	0.993	10
416	52441275	17.480425	-154.570	176.870	0.673	0.763	0.583	0.980	9
417	52775920	17.591973	-106.916	115.164	0.677	0.801	0.554	0.989	7
418	52934338	17.644779	19.245	-30.547	0.925	0.925	0.924	0.992	10
419	52994986	17.664995	106.000	-84.005	0.768	0.724	0.812	0.988	4
420	53050183	17.683394	124.633	-119.746	0.910	0.914	0.906	0.994	9
421	53090036	17.696679	-74.536	-67.815	0.715	0.838	0.592	0.991	2
422	53117037	17.705679	-102.028	114.858	0.609	0.778	0.440	0.993	2
423	53219531	17.739844	164.956	-173.815	0.829	0.863	0.796	0.990	9
424	53253874	17.751291	-69.648	-65.982	0.743	0.804	0.682	0.992	3
425	53267587	17.755862	104.778	-112.109	0.798	0.733	0.864	0.971	2
426	53417267	17.805756	-113.331	120.357	0.731	0.841	0.621	0.995	5
427	53578522	17.859507	96.530	-103.861	0.744	0.752	0.737	0.988	3
428	53591844	17.863948	80.951	-134.409	0.746	0.804	0.688	0.978	2
429	53645227	17.881742	-214.137	234.299	0.799	0.791	0.806	0.953	4
430	53703587	17.901196	-156.708	176.564	0.690	0.720	0.660	0.986	6
431	53717416	17.905805	-159.457	173.815	0.829	0.834	0.823	0.994	6
432	53720571	17.906857	-71.175	-63.844	0.693	0.880	0.506	0.993	3
433	53754105	17.918035	-111.498	125.550	0.758	0.804	0.711	0.994	7
434	53774453	17.924818	-155.792	179.008	0.682	0.791	0.572	0.993	8
435	53777952	17.925984	-115.164	125.244	0.861	0.874	0.848	0.994	9
436	53901586	17.967195	-138.685	139.296	0.900	0.915	0.884	0.994	9
437	53909498	17.969833	-184.201	184.812	0.595	0.546	0.643	0.986	7
438	53911029	17.970343	-125.855	107.832	0.750	0.768	0.732	0.991	7
439	53999165	17.999722	170.760	-150.293	0.692	0.619	0.764	0.991	10
440	54121852	18.040617	-167.094	172.898	0.791	0.815	0.767	0.993	9
441	54199786	18.066595	163.429	-142.656	0.861	0.859	0.863	0.989	9
442	54216340	18.072113	174.426	-123.106	0.665	0.529	0.801	0.980	5
443	54378210	18.126070	-151.821	180.535	0.800	0.824	0.777	0.991	9
444	54433426	18.144475	-88.893	109.971	0.602	0.620	0.585	0.911	5
445	54442101	18.147367	-79.423	-20.467	0.794	0.885	0.703	0.992	3
446	54598398	18.199466	-157.014	174.426	0.652	0.773	0.530	0.989	3
447	54635473	18.211824	-143.878	120.968	0.864	0.892	0.836	0.977	10
448	54651879	18.217293	126.161	-113.025	0.881	0.888	0.874	0.996	9
449	54658710	18.219570	-162.818	173.815	0.777	0.801	0.753	0.993	9
450	54683124	18.227708	-146.322	172.898	0.732	0.827	0.636	0.990	9
451	54862244	18.287415	118.829	-111.498	0.864	0.835	0.893	0.991	10
452	54920516	18.306839	-91.031	-84.311	0.740	0.785	0.695	0.994	2
453	54977130	18.325710	-105.389	112.720	0.811	0.866	0.755	0.993	9
454	55001208	18.333736	183.590	-165.872	0.753	0.755	0.751	0.930	2
455	55011593	18.337198	-129.521	116.386	0.932	0.942	0.922	0.994	9
456	55102872	18.367624	86.449	-156.708	0.606	0.697	0.516	0.972	2
457	55108880	18.369627	96.530	-82.783	0.651	0.497	0.806	0.992	3
458	55160698	18.386899	84.616	-79.729	0.822	0.812	0.833	0.992	2
459	55165196	18.388399	184.506	-168.316	0.818	0.830	0.806	0.994	8
460	55203583	18.401194	180.535	-167.705	0.770	0.765	0.775	0.991	9
461	55269810	18.423270	-114.858	122.801	0.753	0.853	0.653	0.991	4
462	55286708	18.428903	-97.141	117.913	0.818	0.855	0.781	0.991	8
463	55384931	18.461644	175.953	-156.403	0.814	0.786	0.842	0.987	7
464	55467231	18.489077	-124.022	140.518	0.723	0.864	0.582	0.990	7
465	55497957	18.499319	-122.495	127.383	0.903	0.917	0.889	0.993	10
466	55506487	18.502162	3.360	-45.210	0.783	0.738	0.828	0.994	3
467	55624740	18.541580	-112.109	113.331	0.729	0.843	0.615	0.937	9
468	55900063	18.633354	126.466	-119.440	0.839	0.801	0.878	0.992	8
469	55922152	18.640717	-125.550	168.927	0.628	0.812	0.445	0.990	6
470	55939021	18.646340	-157.625	178.397	0.713	0.797	0.629	0.994	7
471	56192268	18.730756	-154.570	169.844	0.817	0.832	0.802	0.996	9
472	56294677	18.764892	-159.152	167.705	0.850	0.842	0.857	0.994	9
473	56311463	18.770488	131.354	-141.740	0.913	0.911	0.915	0.861	10
474	56324372	18.774791	-95.002	84.922	0.852	0.831	0.873	0.995	4
475	56347293	18.782431	-148.155	100.806	0.743	0.773	0.713	0.970	8
476	56425156	18.808385	184.201	-145.406	0.772	0.725	0.818	0.988	10
477	56475860	18.825287	-120.968	102.334	0.929	0.938	0.920	0.990	10
478	56488676	18.829559	-29.326	-13.746	0.776	0.849	0.704	0.992	4
479	56606333	18.868778	-86.755	97.141	0.821	0.876	0.766	0.991	3
480	56611304	18.870435	167.094	-146.628	0.702	0.572	0.831	0.992	2
481	56612013	18.870671	-103.861	117.913	0.640	0.741	0.538	0.993	3
482	56627643	18.875881	177.175	-152.126	0.791	0.770	0.811	0.839	3
483	56637034	18.879011	119.135	-112.414	0.722	0.594	0.849	0.994	8
484	56639304	18.879768	-63.844	-61.400	0.581	0.637	0.525	0.950	2
485	56649420	18.883140	-154.875	179.008	0.641	0.655	0.627	0.992	3
486	56664363	18.888121	-158.236	184.506	0.686	0.710	0.662	0.990	7
487	56723676	18.907892	-101.417	120.051	0.765	0.829	0.700	0.975	7
488	56747190	18.915730	84.311	-80.645	0.851	0.859	0.842	0.983	2
489	56751976	18.917325	-156.097	179.313	0.517	0.500	0.534	0.977	2
490	56845807	18.948602	118.829	-119.440	0.890	0.873	0.906	0.993	9
491	56890575	18.963525	87.977	-76.063	0.853	0.839	0.867	0.989	2
492	56935769	18.978590	-0.916	5.499	0.786	0.795	0.777	0.991	5
493	57247744	19.082581	176.259	-146.628	0.736	0.653	0.819	0.991	7
494	57249882	19.083294	158.847	-148.155	0.853	0.838	0.869	0.992	9
495	57272872	19.090957	180.535	-158.847	0.777	0.748	0.807	0.836	5
496	57436361	19.145454	-169.233	184.506	0.556	0.510	0.603	0.993	3
497	57438516	19.146172	-143.573	163.734	0.742	0.860	0.623	0.993	9
498	57458118	19.152706	87.366	-98.363	0.810	0.852	0.768	0.988	4
499	57537195	19.179065	128.910	-120.968	0.894	0.897	0.890	0.994	9
500	57550924	19.183641	-171.371	184.201	0.587	0.515	0.659	0.988	3
501	57563595	19.187865	124.022	-119.746	0.907	0.915	0.900	0.859	7
502	57566616	19.188872	-143.878	139.296	0.735	0.846	0.624	0.995	7
503	57608733	19.202911	-82.783	73.619	0.861	0.901	0.821	0.988	6
504	57656236	19.218745	193.060	-204.057	0.581	0.651	0.512	0.987	9
505	57689851	19.229950	-170.455	150.599	0.881	0.881	0.882	0.991	10
506	57720773	19.240258	-153.043	171.371	0.780	0.798	0.761	0.990	3
507	57736383	19.245461	-62.011	19.550	0.846	0.900	0.793	0.991	7
508	57783127	19.261042	-168.927	194.587	0.721	0.764	0.679	0.988	9
509	57850195	19.283398	-115.469	92.559	0.816	0.867	0.764	0.985	7
510	57919011	19.306337	-116.997	127.994	0.702	0.826	0.578	0.988	5
511	57935922	19.311974	-215.359	235.215	0.732	0.747	0.717	0.984	4
512	57947283	19.315761	-124.633	142.962	0.864	0.901	0.828	0.983	9
513	57982366	19.327455	129.216	-119.135	0.816	0.756	0.876	0.993	6
514	58086989	19.362330	-155.792	236.742	0.715	0.758	0.671	0.995	6
515	58332141	19.444047	-214.137	234.604	0.799	0.795	0.802	0.989	9
516	58394532	19.464844	187.561	-164.040	0.835	0.828	0.843	0.994	8
517	58402639	19.467546	117.302	-146.628	0.712	0.615	0.808	0.867	2
518	58453362	19.484454	-178.091	172.593	0.859	0.855	0.863	0.994	10
519	58482338	19.494113	-175.037	174.426	0.832	0.834	0.830	0.979	10
520	58508476	19.502825	-112.720	102.639	0.811	0.870	0.753	0.992	7
521	58559707	19.519902	129.826	-139.907	0.908	0.911	0.905	0.994	9
522	58631528	19.543843	233.688	-215.665	0.673	0.735	0.611	0.991	9
523	58634795	19.544932	85.838	-87.060	0.848	0.865	0.832	0.992	2
524	58644873	19.548291	-113.636	127.077	0.838	0.866	0.810	0.995	9
525	58705488	19.568496	-116.691	84.922	0.858	0.906	0.810	0.993	6
526	58773602	19.591201	84.922	-79.423	0.830	0.820	0.839	0.995	2
527	58792532	19.597511	-115.164	119.440	0.837	0.896	0.779	0.983	9
528	58817965	19.605988	-155.181	175.648	0.753	0.797	0.709	0.989	6
529	58997931	19.665977	92.864	-109.971	0.870	0.857	0.882	0.993	8
530	59036083	19.678694	-88.893	83.700	0.886	0.877	0.895	0.990	8
531	59043460	19.681153	-128.299	126.161	0.892	0.898	0.886	0.995	9
532	59077020	19.692340	-156.708	184.201	0.781	0.823	0.739	0.986	10
533	59089403	19.696468	-112.720	128.910	0.821	0.868	0.774	0.994	9
534	59127517	19.709172	182.674	-155.486	0.725	0.675	0.776	0.983	4
535	59164813	19.721604	-142.045	170.455	0.799	0.833	0.766	0.969	9
536	59196445	19.732148	-155.181	175.648	0.734	0.786	0.682	0.986	9
537	59228077	19.742692	-155.792	182.368	0.759	0.812	0.706	0.990	9
538	59252501	19.750834	168.927	-125.550	0.791	0.746	0.837	0.990	9
539	59294342	19.764781	84.922	-86.144	0.777	0.743	0.810	0.992	2
540	59307459	19.769153	-77.285	5.499	0.810	0.910	0.710	0.995	2
541	59351063	19.783688	-124.328	116.386	0.933	0.939	0.926	0.993	10
542	59434653	19.811551	-28.409	25.965	0.686	0.628	0.743	0.976	2
543	59445451	19.815150	89.198	-80.034	0.797	0.763	0.831	0.991	2
544	59586115	19.862038	-137.158	144.489	0.689	0.823	0.555	0.988	2
545	59682945	19.894315	-109.360	121.884	0.908	0.905	0.911	0.991	10
546	59767040	19.922347	1.222	22.911	0.825	0.828	0.822	0.989	2
547	59779027	19.926342	-214.137	234.604	0.785	0.781	0.789	0.927	4
548	59812239	19.937413	-163.734	184.201	0.647	0.654	0.641	0.991	3
549	59878426	19.959475	-162.818	184.812	0.739	0.754	0.724	0.990	7
550	59894252	19.964751	150.293	-119.440	0.766	0.669	0.862	0.992	9
551	59958246	19.986082	-100.806	107.527	0.772	0.819	0.726	0.922	6
552	60081092	20.027031	180.535	-172.898	0.807	0.844	0.771	0.990	8
553	60179675	20.059892	-156.097	179.619	0.737	0.802	0.671	0.990	4
554	60273622	20.091207	-154.875	178.397	0.719	0.768	0.669	0.988	7
555	60309294	20.103098	-111.193	98.974	0.851	0.891	0.811	0.994	9
556	60315697	20.105232	-101.417	94.086	0.863	0.895	0.830	0.989	6
557	60318304	20.106101	165.567	-163.123	0.488	0.410	0.566	0.991	2
558	60446185	20.148728	-162.818	180.230	0.611	0.623	0.600	0.958	3
559	60457900	20.152633	-97.752	110.887	0.611	0.641	0.581	0.972	2
560	60510127	20.170042	-84.922	-77.285	0.751	0.869	0.633	0.968	4
561	60526399	20.175466	-108.443	120.051	0.654	0.766	0.543	0.991	3
562	60545965	20.181988	-150.293	142.045	0.774	0.848	0.700	0.983	9
563	60578878	20.192959	-32.686	-62.317	0.850	0.836	0.863	0.992	7
564	60623835	20.207945	-114.553	127.994	0.876	0.889	0.864	0.994	10
565	60675763	20.225254	-166.178	183.284	0.612	0.519	0.705	0.985	6
566	60715103	20.238368	88.282	-95.919	0.788	0.825	0.752	0.992	2
567	60764384	20.254795	234.910	235.826	0.656	0.643	0.670	0.978	3
568	60794718	20.264906	-88.587	84.311	0.902	0.918	0.886	0.990	4
569	60807149	20.269050	-150.293	175.648	0.629	0.736	0.523	0.993	4
570	60928048	20.309349	-152.126	180.535	0.705	0.775	0.636	0.990	8
571	60948528	20.316176	150.904	-158.541	0.772	0.699	0.846	0.984	8
572	60989489	20.329830	-101.417	-97.141	0.546	0.649	0.443	0.988	2
573	61004782	20.334927	-33.908	-65.982	0.814	0.791	0.836	0.983	3
574	61024296	20.341432	-153.959	179.313	0.754	0.777	0.731	0.994	8
575	61027225	20.342408	-144.489	143.267	0.893	0.901	0.885	0.994	10
576	61035086	20.345029	168.316	-131.659	0.686	0.544	0.828	0.987	7
577	61099657	20.366552	34.519	-27.798	0.840	0.802	0.878	0.991	3
578	61268413	20.422804	184.506	-169.844	0.706	0.726	0.687	0.985	2
579	61473518	20.491173	83.089	-107.527	0.903	0.912	0.893	0.995	9
580	61609882	20.536627	-163.123	228.189	0.685	0.741	0.630	0.990	9
581	61611791	20.537264	-127.383	150.599	0.833	0.876	0.790	0.988	9
582	61664362	20.554787	-6.415	-43.988	0.845	0.812	0.878	0.974	10
583	61799936	20.599979	122.801	-132.576	0.929	0.927	0.932	0.994	10
584	61821722	20.607241	-91.031	10.997	0.574	0.570	0.579	0.990	2
585	61936374	20.645458	-146.933	173.815	0.705	0.800	0.610	0.985	5
586	61946649	20.648883	-86.755	108.443	0.777	0.859	0.695	0.995	9
587	61958704	20.652901	-157.014	179.313	0.805	0.846	0.764	0.996	6
588	62103170	20.701057	41.239	-27.798	0.884	0.867	0.900	0.995	9
589	62126295	20.708765	-36.046	-66.288	0.836	0.834	0.837	0.989	9
590	62134498	20.711499	-121.579	129.216	0.877	0.905	0.850	0.991	9
591	62261258	20.753753	-116.386	125.855	0.857	0.898	0.816	0.994	9
592	62263334	20.754445	80.645	-107.832	0.853	0.876	0.830	0.987	2
593	62289413	20.763138	-157.319	179.008	0.740	0.804	0.676	0.989	8
594	62410811	20.803604	83.089	-86.144	0.830	0.864	0.795	0.990	2
595	62416552	20.805517	233.382	-213.526	0.628	0.730	0.526	0.832	4
596	62417395	20.805798	76.063	-52.236	0.789	0.727	0.850	0.992	2
597	62417776	20.805925	42.766	-24.438	0.790	0.738	0.843	0.990	2
598	62417778	20.805926	-33.602	-58.651	0.862	0.850	0.874	0.992	3
599	62571224	20.857075	-124.633	134.714	0.893	0.893	0.894	0.995	10
600	62603722	20.867907	-172.593	169.233	0.910	0.915	0.905	0.992	9
601	62679803	20.893268	236.131	235.215	0.528	0.545	0.511	0.967	2
602	62684336	20.894779	125.550	-121.273	0.912	0.902	0.922	0.993	10
603	62720959	20.906986	-67.204	233.993	0.662	0.571	0.752	0.972	2
604	62734097	20.911366	11.303	4.582	0.859	0.866	0.852	0.979	8
605	62831363	20.943788	-93.781	-89.504	0.742	0.772	0.712	0.990	3
606	62864414	20.954805	-148.766	174.731	0.655	0.753	0.558	0.987	6
607	62875342	20.958447	86.144	-79.423	0.825	0.809	0.840	0.991	5
608	62881581	20.960527	-40.017	-50.403	0.766	0.746	0.786	0.976	8
609	62922040	20.974013	146.017	-121.273	0.886	0.873	0.900	0.995	10
610	62961762	20.987254	-106.916	116.691	0.595	0.740	0.451	0.993	2
611	62981012	20.993671	-90.115	86.449	0.897	0.907	0.887	0.995	6
612	63005006	21.001669	97.752	-119.746	0.847	0.822	0.872	0.994	8
613	63030991	21.010330	92.864	-83.089	0.810	0.800	0.820	0.993	2
614	63084891	21.028297	186.034	-161.290	0.652	0.667	0.637	0.988	2
615	63096418	21.032139	-35.740	-66.593	0.571	0.434	0.709	0.983	2
616	63124486	21.041495	131.965	-136.241	0.902	0.903	0.901	0.991	9
617	63204884	21.068295	90.115	-81.867	0.776	0.757	0.795	0.966	3
618	63213827	21.071276	231.855	-212.304	0.585	0.651	0.519	0.985	10
619	63277072	21.092357	-214.748	233.993	0.825	0.834	0.815	0.989	8
620	63318871	21.106290	-171.676	171.982	0.806	0.826	0.785	0.994	6
621	63377078	21.125693	-155.181	172.898	0.743	0.746	0.739	0.986	8
622	63447496	21.149165	-73.619	80.340	0.703	0.888	0.518	0.994	2
623	63479289	21.159763	-60.484	76.979	0.900	0.909	0.890	0.995	7
624	63508113	21.169371	84.616	-79.118	0.847	0.863	0.832	0.991	2
625	63509488	21.169829	-97.141	-93.781	0.632	0.708	0.556	0.989	2
626	63557183	21.185728	-102.639	111.193	0.627	0.721	0.532	0.992	9
627	63559791	21.186597	128.605	-127.383	0.748	0.702	0.795	0.990	5
628	63576209	21.192070	116.997	-110.887	0.654	0.494	0.814	0.994	6
629	63584234	21.194745	91.031	-103.861	0.830	0.814	0.847	0.994	4
630	63595767	21.198589	-58.346	26.576	0.870	0.901	0.839	0.994	8
631	63643945	21.214648	-113.025	124.939	0.804	0.859	0.748	0.991	9
632	63668643	21.222881	184.812	-157.014	0.714	0.680	0.747	0.991	8
633	63691267	21.230422	-144.795	168.316	0.629	0.758	0.501	0.983	2
634	63742845	21.247615	-93.781	-91.337	0.702	0.714	0.691	0.991	2
635	63787472	21.262491	117.913	-117.302	0.695	0.536	0.855	0.989	4
636	63801987	21.267329	-33.602	-64.455	0.876	0.862	0.891	0.991	9
637	63813783	21.271261	-214.748	234.910	0.738	0.756	0.719	0.990	6
638	63855941	21.285314	-179.924	225.134	0.511	0.559	0.464	0.762	6
639	63857311	21.285770	-101.723	110.887	0.613	0.667	0.558	0.989	2
640	63875083	21.291694	-84.311	86.755	0.876	0.907	0.845	0.993	8
641	63893653	21.297884	84.616	-95.308	0.850	0.860	0.841	0.991	8
642	63913452	21.304484	165.261	-154.570	0.669	0.513	0.824	0.986	5
643	63954226	21.318075	234.910	234.910	0.591	0.620	0.563	0.984	4
644	63971325	21.323775	-214.443	234.299	0.793	0.770	0.816	0.960	8
645	63985602	21.328534	2.138	38.795	0.860	0.875	0.846	0.992	2
646	63999343	21.333114	-156.708	175.037	0.740	0.772	0.709	0.991	8
647	64077928	21.359309	175.953	-153.653	0.514	0.450	0.579	0.985	3
648	64117055	21.372352	32.075	-27.798	0.835	0.792	0.878	0.986	6
649	64152670	21.384223	179.924	-143.878	0.721	0.620	0.821	0.983	8
650	64170828	21.390276	-45.821	21.383	0.945	0.953	0.936	0.994	10
651	64184994	21.394998	-113.331	124.633	0.702	0.816	0.587	0.990	9
652	64206330	21.402110	-126.161	101.723	0.942	0.946	0.937	0.990	10
653	64235680	21.411893	-75.758	6.109	0.706	0.853	0.558	0.716	2
654	64236264	21.412088	-81.867	-78.507	0.755	0.814	0.695	0.992	2
655	64300421	21.433474	36.351	-24.743	0.860	0.835	0.884	0.992	9
656	64341643	21.447214	205.584	-148.460	0.687	0.686	0.689	0.970	3
657	64354980	21.451660	-94.391	-89.198	0.710	0.769	0.651	0.983	4
658	64376457	21.458819	34.519	-27.798	0.840	0.802	0.878	0.991	3
659	64545213	21.515071	184.506	-169.844	0.706	0.726	0.687	0.985	2
660	64750318	21.583439	83.089	-107.527	0.903	0.912	0.893	0.995	9
661	64886682	21.628894	-163.123	228.189	0.685	0.741	0.630	0.990	9
662	64888591	21.629530	-127.383	150.599	0.833	0.876	0.790	0.988	9
663	64941162	21.647054	-6.415	-43.988	0.845	0.812	0.878	0.974	10
664	65076736	21.692245	122.801	-132.576	0.929	0.927	0.932	0.994	10
665	65098522	21.699507	-91.031	10.997	0.574	0.570	0.579	0.990	2
666	65207729	21.735910	-2.444	-29.326	0.812	0.783	0.841	0.992	2
667	65242943	21.747648	184.201	-155.486	0.535	0.517	0.552	0.922	2
668	65252197	21.750732	124.328	-123.106	0.911	0.901	0.922	0.992	9
669	65265151	21.755050	41.544	-28.104	0.884	0.865	0.902	0.990	6
670	65273758	21.757919	-74.841	38.184	0.922	0.934	0.910	0.989	9
671	65279382	21.759794	114.247	-79.729	0.649	0.565	0.733	0.989	4
672	65298729	21.766243	39.406	-63.844	0.907	0.895	0.918	0.984	3
673	65303940	21.767980	-77.896	78.201	0.896	0.924	0.869	0.992	8
674	65312545	21.770848	-73.925	-70.565	0.758	0.812	0.704	0.992	3
675	65318138	21.772713	102.334	-143.267	0.881	0.890	0.873	0.744	5
676	65319735	21.773245	133.798	-126.161	0.710	0.586	0.835	0.993	8
677	65324788	21.774929	-214.748	233.993	0.814	0.802	0.825	0.990	8
678	65349511	21.783170	-32.380	-61.095	0.868	0.878	0.858	0.992	9
679	65361905	21.787302	-116.997	126.466	0.823	0.864	0.781	0.992	9
680	65366496	21.788832	-160.068	157.625	0.876	0.879	0.872	0.992	9
681	65380075	21.793358	-32.991	-63.233	0.890	0.885	0.896	0.979	8
682	65390251	21.796750	-160.679	182.368	0.573	0.585	0.562	0.984	3
683	65424357	21.808119	-108.749	81.867	0.931	0.935	0.928	0.993	4
684	65430371	21.810124	40.628	-23.522	0.833	0.810	0.856	0.986	5
685	65436263	21.812088	-114.553	113.025	0.892	0.900	0.885	0.987	9
686	65451467	21.817156	4.277	-45.210	0.803	0.730	0.875	0.991	2
687	65480608	21.826869	235.521	234.604	0.565	0.477	0.652	0.834	2
688	65483961	21.827987	-87.977	78.507	0.922	0.927	0.917	0.992	7
689	65495048	21.831683	-114.553	122.801	0.873	0.899	0.846	0.984	9
690	65500431	21.833477	-29.020	14.663	0.901	0.893	0.909	0.995	8
691	65506042	21.835347	-47.654	24.132	0.824	0.820	0.828	0.971	4
692	65509319	21.836440	-32.991	-62.317	0.895	0.888	0.901	0.994	4
693	65513089	21.837696	-136.852	129.216	0.919	0.925	0.913	0.966	9
694	65518108	21.839369	126.161	-123.106	0.844	0.828	0.861	0.993	9
695	65524585	21.841528	78.201	-82.783	0.842	0.844	0.841	0.993	3
696	65531099	21.843700	38.490	-25.049	0.800	0.735	0.864	0.985	2
697	65549987	21.849996	-164.956	232.466	0.597	0.665	0.529	0.989	8
698	65553326	21.851109	-34.213	-63.844	0.739	0.745	0.732	0.989	5
699	65590856	21.863619	89.198	-80.951	0.847	0.830	0.863	0.993	2
700	65621766	21.873922	39.712	-23.216	0.836	0.814	0.857	0.990	5
701	65627610	21.875870	-35.130	-59.567	0.819	0.852	0.786	0.982	6
702	65635226	21.878409	-148.766	127.383	0.932	0.929	0.934	0.994	10
703	65651829	21.883943	-112.109	113.331	0.819	0.891	0.748	0.978	5
704	65666394	21.888798	-21.994	30.242	0.735	0.660	0.809	0.992	2
705	65670313	21.890104	20.772	-72.703	0.670	0.771	0.568	0.969	2
706	65687977	21.895992	41.850	-24.743	0.846	0.837	0.855	0.994	2
707	65689937	21.896646	-33.297	-63.539	0.856	0.865	0.847	0.930	6
708	65703119	21.901040	-33.297	-59.873	0.879	0.890	0.868	0.990	8
709	65715606	21.905202	79.729	-86.144	0.870	0.866	0.873	0.995	2
710	65732935	21.910978	-90.420	-25.965	0.722	0.852	0.591	0.991	3
711	65737549	21.912516	-76.063	-69.954	0.730	0.828	0.633	0.993	4
712	65769041	21.923014	82.783	-108.749	0.866	0.867	0.865	0.962	2
713	65772961	21.924320	-9.164	-45.210	0.722	0.612	0.831	0.993	2
714	65777788	21.925929	-114.247	121.579	0.682	0.849	0.516	0.947	2
715	65799842	21.933281	119.746	-141.435	0.889	0.884	0.894	0.985	8
716	65845512	21.948504	94.391	-121.579	0.583	0.472	0.694	0.988	2
717	65849487	21.949829	-206.195	-212.915	0.606	0.494	0.719	0.947	2
718	65853804	21.951268	130.437	-146.017	0.908	0.912	0.905	0.990	9
719	65864865	21.954955	-129.216	127.077	0.856	0.865	0.847	0.976	7
720	65869396	21.956465	-34.519	-59.567	0.789	0.780	0.798	0.945	5
721	65933379	21.977793	96.530	-107.527	0.843	0.830	0.857	0.967	2
722	65961772	21.987257	-61.400	-71.786	0.739	0.624	0.854	0.990	3
723	65992414	21.997471	81.256	-71.481	0.894	0.884	0.903	0.990	6
