EventID	ArrivalGlobalIdx	ArrivalTime_s	X_mm	Y_mm	LocateConf	MaxX	MaxY	DetectConf	HitCount
1	14374	0.004791	-214.748	233.688	0.686	0.687	0.685	0.964	4
2	16051	0.005350	-214.443	230.938	0.522	0.633	0.410	0.861	2
3	30850	0.010283	-172.287	180.841	0.579	0.500	0.657	0.983	2
4	35539	0.011846	-161.290	149.682	0.760	0.819	0.700	0.906	3
5	49546	0.016515	-175.037	235.521	0.842	0.882	0.803	0.991	10
6	53542	0.017847	-92.253	-83.394	0.660	0.808	0.512	0.993	2
7	60923	0.020308	29.326	-30.547	0.851	0.810	0.893	0.993	10
8	68028	0.022676	-214.443	233.688	0.729	0.729	0.728	0.857	5
9	75995	0.025332	185.423	-160.679	0.765	0.754	0.775	0.901	3
10	81891	0.027297	39.101	-64.761	0.816	0.736	0.896	0.947	6
11	97358	0.032453	-213.832	232.160	0.730	0.745	0.714	0.992	7
12	104306	0.034769	-214.137	235.215	0.605	0.651	0.558	0.976	3
13	109904	0.036635	235.826	-213.832	0.731	0.779	0.682	0.720	6
14	115022	0.038341	90.115	-96.224	0.744	0.757	0.731	0.993	2
15	117058	0.039019	-179.924	234.910	0.626	0.640	0.611	0.990	5
16	137484	0.045828	-179.008	230.022	0.609	0.641	0.577	0.987	4
17	143625	0.047875	-214.443	234.910	0.746	0.728	0.765	0.989	4
18	145642	0.048547	-157.319	211.388	0.868	0.857	0.878	0.995	10
19	155092	0.051697	128.299	-143.573	0.876	0.878	0.873	0.994	9
20	159457	0.053152	-153.043	175.953	0.665	0.727	0.603	0.965	8
21	167241	0.055747	3.971	-48.876	0.647	0.457	0.836	0.994	2
22	180715	0.060238	-113.331	118.218	0.707	0.851	0.563	0.984	5
23	219397	0.073132	-183.590	201.307	0.922	0.923	0.920	0.991	9
24	228854	0.076285	-155.181	226.051	0.800	0.857	0.744	0.996	10
25	237146	0.079049	-170.455	233.077	0.722	0.712	0.732	0.993	10
26	281009	0.093670	-157.625	237.964	0.787	0.816	0.758	0.993	9
27	284707	0.094902	80.645	-86.755	0.857	0.859	0.855	0.865	2
28	291286	0.097095	-196.420	228.189	0.533	0.527	0.539	0.993	3
29	293127	0.097709	-160.985	204.362	0.817	0.822	0.812	0.994	10
30	297787	0.099262	-213.526	230.633	0.739	0.751	0.727	0.939	6
31	368016	0.122672	-177.175	204.973	0.857	0.884	0.831	0.996	9
32	376150	0.125383	-215.970	233.993	0.742	0.736	0.748	0.992	3
33	376151	0.125384	-214.137	-205.584	0.601	0.695	0.506	0.990	2
34	381573	0.127191	-214.443	233.382	0.802	0.793	0.811	0.945	2
35	391036	0.130345	234.604	-218.414	0.717	0.788	0.645	0.988	9
36	394596	0.131532	235.521	-233.382	0.754	0.808	0.701	0.991	9
37	457585	0.152528	-162.512	230.022	0.667	0.715	0.618	0.987	9
38	460126	0.153375	-213.526	226.967	0.733	0.779	0.687	0.972	9
39	471085	0.157028	-215.970	234.299	0.768	0.748	0.789	0.990	3
40	504581	0.168194	-195.198	227.884	0.520	0.405	0.635	0.968	2
41	510747	0.170249	-213.832	233.077	0.794	0.834	0.754	0.939	5
42	514842	0.171614	-160.985	240.103	0.799	0.808	0.790	0.988	10
43	541975	0.180658	-96.530	-2.444	0.724	0.856	0.592	0.988	3
44	555285	0.185095	-157.014	235.215	0.742	0.810	0.673	0.995	9
45	572564	0.190855	-94.391	-87.977	0.715	0.756	0.675	0.984	3
46	575876	0.191959	-169.538	229.411	0.669	0.701	0.637	0.992	8
47	581084	0.193695	-179.924	230.022	0.651	0.699	0.603	0.990	4
48	583200	0.194400	-213.832	231.244	0.733	0.760	0.705	0.987	9
49	584979	0.194993	-212.610	228.189	0.633	0.667	0.598	0.981	9
50	608576	0.202859	-214.748	233.688	0.739	0.772	0.705	0.912	3
51	618648	0.206216	-192.449	185.423	0.916	0.924	0.907	0.993	10
52	633459	0.211153	-214.137	234.299	0.789	0.785	0.792	0.955	3
53	633859	0.211286	-214.443	233.993	0.790	0.787	0.792	0.908	3
54	643115	0.214372	-59.567	-68.121	0.690	0.550	0.829	0.933	2
55	735133	0.245044	-186.339	232.160	0.613	0.608	0.617	0.985	7
56	739794	0.246598	-172.898	221.469	0.707	0.767	0.648	0.870	9
57	751608	0.250536	-170.455	222.691	0.695	0.759	0.630	0.988	9
58	763221	0.254407	4.888	-45.821	0.798	0.726	0.870	0.992	4
59	778068	0.259356	-211.694	231.855	0.607	0.593	0.621	0.976	4
60	794953	0.264984	-197.642	224.523	0.564	0.530	0.598	0.980	9
61	829420	0.276473	234.299	-214.748	0.694	0.774	0.613	0.987	8
62	834068	0.278023	-213.221	232.160	0.715	0.704	0.727	0.990	9
63	865969	0.288656	-169.233	222.691	0.703	0.738	0.668	0.991	8
64	882163	0.294054	-214.137	233.688	0.721	0.715	0.728	0.944	4
65	882712	0.294237	-175.648	225.134	0.626	0.705	0.548	0.984	9
66	889471	0.296490	-181.452	205.890	0.928	0.922	0.934	0.993	10
67	911685	0.303895	-151.210	147.849	0.775	0.858	0.692	0.994	7
68	917657	0.305886	-217.498	234.299	0.566	0.441	0.692	0.926	3
69	919247	0.306416	-175.648	215.054	0.814	0.810	0.818	0.996	10
70	934257	0.311419	-156.403	238.270	0.824	0.863	0.785	0.993	9
71	953266	0.317755	-211.999	229.411	0.673	0.710	0.636	0.991	9
72	977813	0.325938	-213.221	228.800	0.674	0.731	0.618	0.992	9
73	985070	0.328357	-175.953	230.938	0.641	0.679	0.602	0.989	9
74	1011389	0.337130	-213.832	233.382	0.772	0.791	0.754	0.924	9
75	1019502	0.339834	-194.587	225.440	0.601	0.672	0.529	0.963	9
76	1069443	0.356481	-216.276	232.771	0.653	0.548	0.758	0.986	6
77	1087373	0.362458	-161.901	231.244	0.730	0.780	0.679	0.994	10
78	1102689	0.367563	-174.731	212.610	0.677	0.765	0.589	0.994	7
79	1103370	0.367790	-165.567	236.742	0.787	0.797	0.776	0.995	8
80	1109224	0.369741	-182.368	229.411	0.538	0.537	0.538	0.989	3
81	1126548	0.375516	-175.648	229.106	0.662	0.700	0.624	0.976	8
82	1163141	0.387714	-171.371	222.691	0.735	0.793	0.678	0.992	10
83	1180431	0.393477	106.916	-111.804	0.730	0.674	0.787	0.991	4
84	1190678	0.396893	-213.526	228.189	0.693	0.731	0.656	0.984	9
85	1218338	0.406113	-177.786	228.495	0.641	0.671	0.611	0.985	10
86	1225849	0.408616	234.604	234.604	0.598	0.571	0.624	0.763	2
87	1240982	0.413661	-173.509	224.523	0.673	0.749	0.598	0.990	9
88	1246210	0.415403	-173.815	231.549	0.655	0.669	0.641	0.993	7
89	1288107	0.429369	-219.025	233.688	0.582	0.532	0.632	0.860	2
90	1390999	0.463666	-160.068	230.022	0.650	0.768	0.532	0.990	9
91	1433252	0.477751	-175.037	228.495	0.629	0.649	0.610	0.973	7
92	1451953	0.483984	-214.748	234.299	0.743	0.749	0.736	0.941	10
93	1466817	0.488939	-211.694	230.633	0.701	0.686	0.716	0.814	8
94	1473051	0.491017	-195.198	232.160	0.675	0.618	0.732	0.984	7
95	1549158	0.516386	-206.195	213.832	0.559	0.630	0.489	0.977	3
96	1555886	0.518629	-48.265	19.245	0.635	0.570	0.700	0.989	2
97	1562206	0.520735	-211.388	-205.890	0.571	0.671	0.470	0.796	5
98	1569183	0.523061	-32.991	-66.288	0.860	0.815	0.904	0.961	7
99	1595580	0.531860	-156.708	234.910	0.763	0.815	0.711	0.993	9
100	1603816	0.534605	-165.567	225.745	0.675	0.733	0.618	0.988	9
101	1612998	0.537666	111.498	-111.498	0.796	0.751	0.842	0.993	5
102	1616866	0.538955	-152.432	235.826	0.805	0.830	0.780	0.996	10
103	1632657	0.544219	-213.221	226.356	0.519	0.493	0.546	0.981	7
104	1644452	0.548151	-170.760	223.913	0.725	0.795	0.655	0.988	10
105	1657880	0.552627	-212.304	226.356	0.649	0.687	0.611	0.979	8
106	1722811	0.574270	-197.947	232.771	0.583	0.574	0.592	0.928	3
107	1756496	0.585499	-210.777	228.495	0.627	0.659	0.595	0.970	8
108	1759557	0.586519	-156.097	222.996	0.805	0.870	0.739	0.995	10
109	1783481	0.594494	-174.731	230.022	0.663	0.714	0.612	0.987	9
110	1818733	0.606244	-171.982	233.077	0.638	0.669	0.607	0.993	9
111	1827022	0.609007	235.826	-214.748	0.701	0.777	0.625	0.983	7
112	1843190	0.614397	-211.388	230.022	0.707	0.785	0.629	0.988	8
113	1843859	0.614620	-215.970	233.688	0.522	0.421	0.623	0.975	3
114	1858584	0.619528	-157.930	239.492	0.754	0.788	0.720	0.993	9
115	1883721	0.627907	-196.114	228.189	0.641	0.644	0.638	0.991	9
116	1888009	0.629336	-160.985	235.521	0.705	0.725	0.686	0.992	7
117	1909530	0.636510	-156.403	242.241	0.859	0.866	0.851	0.994	9
118	1913576	0.637859	120.968	-153.653	0.745	0.668	0.822	0.955	3
119	1925189	0.641730	-164.956	231.244	0.700	0.795	0.605	0.989	9
120	1930487	0.643496	-168.622	235.521	0.851	0.878	0.823	0.995	9
121	1936449	0.645483	-173.815	224.523	0.633	0.701	0.566	0.987	10
122	1940284	0.646761	-197.336	230.327	0.606	0.613	0.599	0.989	8
123	1980048	0.660016	-153.653	235.521	0.746	0.813	0.678	0.994	10
124	1983553	0.661184	-215.665	234.604	0.813	0.891	0.735	0.993	7
125	1988096	0.662699	-157.014	229.717	0.756	0.822	0.691	0.990	9
126	1993698	0.664566	-176.870	225.745	0.601	0.646	0.557	0.994	8
127	2054785	0.684928	-177.480	228.495	0.631	0.630	0.631	0.993	8
128	2106419	0.702140	-214.748	234.910	0.794	0.798	0.791	0.992	6
129	2108558	0.702853	-214.748	234.299	0.787	0.792	0.783	0.911	6
130	2306895	0.768965	-212.610	231.244	0.693	0.698	0.688	0.985	9
131	2319221	0.773074	-140.824	228.495	0.799	0.883	0.714	0.990	9
132	2379330	0.793110	-152.126	228.800	0.733	0.786	0.680	0.991	8
133	2390884	0.796961	-155.181	234.910	0.800	0.869	0.731	0.995	9
134	2410007	0.803336	-164.651	225.440	0.724	0.781	0.668	0.993	9
135	2427779	0.809260	-171.676	229.411	0.662	0.720	0.603	0.995	8
136	2429617	0.809872	-215.359	233.688	0.631	0.539	0.723	0.933	3
137	2451343	0.817114	-156.097	222.691	0.832	0.862	0.802	0.994	10
138	2457169	0.819056	-152.737	225.745	0.762	0.820	0.704	0.983	7
139	2484093	0.828031	-174.426	219.636	0.608	0.715	0.500	0.989	9
140	2515288	0.838429	-211.694	229.411	0.661	0.659	0.663	0.950	2
141	2555050	0.851683	-213.832	233.077	0.697	0.699	0.694	0.935	7
142	2555967	0.851989	-152.126	232.771	0.786	0.837	0.735	0.995	10
143	2591462	0.863821	-96.835	-96.530	0.474	0.514	0.434	0.986	2
144	2597840	0.865947	-166.483	232.771	0.655	0.673	0.637	0.986	6
145	2604578	0.868193	-196.114	228.800	0.651	0.681	0.622	0.979	8
146	2621721	0.873907	-191.838	225.134	0.601	0.604	0.597	0.979	8
147	2650215	0.883405	-173.509	223.607	0.661	0.721	0.601	0.988	9
148	2667022	0.889007	-174.120	230.938	0.673	0.709	0.637	0.993	9
149	2679250	0.893083	-156.403	203.751	0.888	0.888	0.887	0.992	10
150	2687087	0.895696	-179.924	230.022	0.573	0.536	0.611	0.989	6
151	2706689	0.902230	-177.175	225.134	0.618	0.661	0.574	0.979	9
152	2734753	0.911584	-165.261	225.134	0.711	0.778	0.644	0.991	10
153	2762417	0.920806	-212.610	226.967	0.645	0.724	0.566	0.963	9
154	2783047	0.927682	235.521	-213.832	0.746	0.803	0.688	0.965	9
155	2830658	0.943553	-214.443	229.411	0.659	0.694	0.625	0.980	8
156	2847657	0.949219	-77.590	31.158	0.922	0.931	0.912	0.992	9
157	2869802	0.956601	-173.204	230.938	0.661	0.723	0.599	0.992	9
158	2937778	0.979259	-213.526	233.688	0.777	0.822	0.731	0.937	9
159	2940716	0.980239	-147.544	224.218	0.840	0.856	0.823	0.990	9
160	2951783	0.983928	-150.599	236.131	0.812	0.861	0.763	0.995	9
161	2971712	0.990571	-214.443	234.604	0.774	0.773	0.775	0.833	5
162	2982899	0.994300	-174.120	224.523	0.623	0.711	0.535	0.993	9
163	3025313	1.008438	-160.068	238.270	0.809	0.840	0.778	0.985	9
164	3084202	1.028067	-156.097	220.247	0.816	0.874	0.758	0.988	9
165	3098056	1.032685	-212.610	233.382	0.669	0.638	0.700	0.762	8
166	3183328	1.061109	-183.895	194.892	0.920	0.921	0.919	0.993	10
167	3266322	1.088774	-214.137	232.466	0.704	0.720	0.688	0.981	9
168	3274376	1.091459	-156.708	223.302	0.766	0.833	0.700	0.989	9
169	3276780	1.092260	-175.648	228.495	0.630	0.651	0.608	0.993	8
170	3302786	1.100929	-156.708	228.189	0.758	0.813	0.704	0.995	9
171	3318560	1.106187	-172.898	209.250	0.857	0.869	0.846	0.994	10
172	3326167	1.108722	-164.956	228.189	0.669	0.704	0.634	0.990	10
173	3375349	1.125116	-156.403	224.523	0.805	0.867	0.742	0.995	10
174	3396353	1.132118	-198.558	228.800	0.553	0.537	0.569	0.992	5
175	3399193	1.133064	-214.137	233.993	0.789	0.803	0.775	0.971	8
176	3404754	1.134918	-214.443	234.299	0.810	0.800	0.819	0.988	9
177	3418384	1.139461	-169.538	226.967	0.745	0.810	0.681	0.995	9
178	3443837	1.147946	-146.628	233.688	0.805	0.853	0.756	0.991	10
179	3469064	1.156355	-213.832	233.077	0.799	0.802	0.795	0.827	7
180	3507113	1.169038	-115.164	125.550	0.870	0.872	0.867	0.993	9
181	3541099	1.180366	-178.702	230.022	0.590	0.610	0.569	0.990	8
182	3549354	1.183118	-206.195	228.189	0.677	0.642	0.711	0.945	8
183	3618676	1.206225	233.077	-214.137	0.635	0.740	0.529	0.862	2
184	3631882	1.210627	-214.137	233.382	0.684	0.643	0.725	0.762	2
185	3639664	1.213221	-160.374	235.215	0.785	0.820	0.750	0.994	9
186	3659557	1.219852	-184.506	230.022	0.532	0.466	0.599	0.987	9
187	3741597	1.247199	-175.953	223.302	0.605	0.637	0.573	0.988	9
188	3745819	1.248606	-214.748	233.993	0.710	0.677	0.743	0.779	3
189	3763694	1.254565	-151.515	229.717	0.751	0.789	0.714	0.995	9
190	3918968	1.306323	-175.342	229.717	0.699	0.778	0.619	0.991	10
191	3994989	1.331663	-212.915	226.051	0.676	0.745	0.607	0.987	7
192	4170751	1.390250	-175.037	222.996	0.643	0.696	0.591	0.994	10
193	4176289	1.392096	-165.261	227.578	0.708	0.789	0.628	0.993	9
194	4384867	1.461622	-157.014	221.163	0.787	0.818	0.756	0.994	10
195	4497724	1.499241	-178.091	229.411	0.620	0.627	0.612	0.991	9
196	4581643	1.527214	-214.137	232.466	0.737	0.710	0.765	0.904	10
197	4641826	1.547275	-213.832	232.466	0.673	0.615	0.731	0.970	6
198	4684566	1.561522	-146.933	173.509	0.707	0.775	0.639	0.995	8
199	4808476	1.602825	-213.526	233.077	0.706	0.722	0.690	0.988	8
200	4867078	1.622359	-211.388	226.356	0.691	0.728	0.654	0.985	9
201	4911554	1.637185	-213.832	233.077	0.769	0.770	0.767	0.987	10
202	5107184	1.702395	-150.599	239.492	0.812	0.833	0.790	0.993	9
203	5369683	1.789894	-174.731	225.134	0.683	0.736	0.631	0.992	6
204	5592895	1.864298	-164.040	215.054	0.801	0.834	0.769	0.996	9
205	5670203	1.890068	107.832	-116.997	0.731	0.617	0.845	0.993	2
206	5676495	1.892165	-30.242	15.579	0.661	0.609	0.714	0.992	2
207	5833670	1.944557	86.449	-130.437	0.808	0.772	0.844	0.994	6
208	5850444	1.950148	-194.587	226.356	0.622	0.701	0.544	0.858	10
209	5874950	1.958317	-215.054	232.771	0.699	0.654	0.745	0.961	9
210	5878338	1.959446	-190.616	228.189	0.632	0.663	0.601	0.986	5
211	5880519	1.960173	-214.137	233.382	0.776	0.784	0.767	0.989	7
212	5885836	1.961945	-213.526	231.549	0.654	0.648	0.660	0.985	10
213	5906879	1.968960	-211.999	232.466	0.696	0.745	0.646	0.990	6
214	6287513	2.095838	102.639	-94.086	0.763	0.770	0.755	0.993	8
215	6451213	2.150404	-166.483	223.913	0.659	0.706	0.613	0.986	9
216	6453454	2.151151	-163.734	214.443	0.672	0.718	0.626	0.990	10
217	6466206	2.155402	-215.054	233.688	0.685	0.630	0.741	0.978	7
218	6474317	2.158106	-163.123	199.475	0.849	0.844	0.854	0.993	9
219	6547009	2.182336	-214.748	234.299	0.785	0.775	0.795	0.922	9
220	6580696	2.193565	-214.748	234.299	0.784	0.813	0.755	0.980	4
221	6799551	2.266517	-213.526	233.382	0.774	0.794	0.754	0.987	10
222	6838875	2.279625	-164.651	235.826	0.756	0.806	0.705	0.995	10
223	6863042	2.287681	-167.400	-120.357	0.814	0.792	0.836	0.881	2
224	7369666	2.456555	-208.333	230.022	0.574	0.525	0.624	0.963	4
225	7393063	2.464354	-157.014	220.858	0.812	0.851	0.773	0.995	10
226	7450087	2.483362	-215.054	231.549	0.643	0.602	0.684	0.880	4
227	7539862	2.513287	-214.443	234.910	0.805	0.811	0.799	0.987	8
228	7550881	2.516960	-209.250	-206.195	0.486	0.493	0.480	0.755	4
229	7853991	2.617997	-164.956	232.160	0.724	0.775	0.673	0.994	9
230	7917456	2.639152	-195.503	226.662	0.714	0.781	0.648	0.991	8
231	7980807	2.660269	-214.443	233.993	0.805	0.809	0.801	0.966	9
232	8150157	2.716719	-173.204	223.607	0.677	0.753	0.602	0.987	9
233	8184784	2.728261	-174.426	224.829	0.641	0.709	0.572	0.987	9
234	8200849	2.733616	-161.596	230.938	0.724	0.793	0.655	0.993	10
235	8525683	2.841894	-211.694	229.106	0.609	0.637	0.581	0.790	4
236	8655946	2.885315	-213.526	233.077	0.736	0.758	0.713	0.987	10
237	8679887	2.893296	110.887	-125.550	0.804	0.795	0.813	0.990	5
238	8747583	2.915861	-214.443	234.299	0.790	0.798	0.783	0.976	4
239	8827089	2.942363	-174.731	213.526	0.666	0.758	0.574	0.993	9
240	9273019	3.091006	-174.731	222.080	0.664	0.724	0.604	0.988	9
241	9284124	3.094708	-214.443	234.299	0.688	0.697	0.680	0.989	2
242	9333680	3.111227	-201.002	226.356	0.574	0.522	0.625	0.867	3
243	9600994	3.200331	-161.901	225.745	0.708	0.760	0.656	0.992	9
244	9940218	3.313406	-209.861	226.356	0.655	0.680	0.630	0.941	4
245	10252936	3.417645	-216.276	232.466	0.594	0.469	0.720	0.980	2
246	10545354	3.515118	233.382	-214.137	0.610	0.725	0.494	0.732	2
247	10855761	3.618587	233.993	-211.694	0.639	0.738	0.540	0.972	7
248	10924276	3.641425	-154.570	237.964	0.765	0.793	0.737	0.992	6
249	10970603	3.656868	-183.284	226.356	0.586	0.567	0.605	0.988	9
250	11658197	3.886066	-160.068	225.745	0.698	0.738	0.659	0.991	9
251	12047962	4.015987	-215.359	234.299	0.790	0.806	0.773	0.993	5
252	12153775	4.051258	-165.872	227.578	0.718	0.797	0.638	0.994	9
253	12888499	4.296166	-215.054	233.993	0.789	0.800	0.779	0.993	8
254	13983653	4.661218	-95.002	-92.559	0.759	0.770	0.748	0.987	9
255	14505151	4.835050	-166.483	212.610	0.769	0.803	0.735	0.988	10
256	14689604	4.896535	-90.115	-87.671	0.795	0.807	0.783	0.839	3
257	15130414	5.043471	117.302	-115.469	0.858	0.833	0.883	0.994	8
258	15211912	5.070637	-29.326	-39.406	0.855	0.869	0.840	0.934	7
259	15398609	5.132870	-214.443	232.466	0.763	0.763	0.764	0.947	7
260	15540946	5.180315	121.579	-118.829	0.796	0.719	0.872	0.993	8
261	15547263	5.182421	-193.976	229.717	0.700	0.731	0.670	0.986	9
262	15651802	5.217267	-170.149	211.083	0.636	0.750	0.522	0.986	9
263	15908493	5.302831	98.057	-133.798	0.615	0.534	0.695	0.993	2
264	16605820	5.535273	-210.166	227.884	0.648	0.694	0.601	0.992	5
265	16742352	5.580784	-214.748	233.688	0.798	0.791	0.804	0.991	9
266	17755346	5.918449	-214.748	234.299	0.802	0.785	0.818	0.924	5
267	19013936	6.337979	-214.137	233.688	0.800	0.766	0.834	0.993	4
268	19132899	6.377633	-160.374	175.953	0.766	0.807	0.724	0.995	8
269	19306564	6.435521	-170.760	226.662	0.707	0.786	0.627	0.983	9
270	19993985	6.664662	-152.126	172.287	0.715	0.725	0.705	0.992	4
271	22318589	7.439530	-215.665	234.910	0.817	0.838	0.797	0.991	9
272	22397055	7.465685	-179.924	236.131	0.626	0.565	0.687	0.992	4
273	22868246	7.622749	-175.648	195.198	0.797	0.831	0.763	0.994	10
274	24044460	8.014820	-221.163	233.382	0.599	0.507	0.692	0.955	8
275	25377424	8.459141	-202.529	226.051	0.546	0.510	0.582	0.783	8
276	25467293	8.489098	-215.054	233.688	0.781	0.773	0.789	0.988	5
277	25903222	8.634407	-162.818	230.022	0.656	0.714	0.599	0.993	9
278	26442899	8.814300	-43.683	-58.651	0.872	0.873	0.871	0.954	4
279	26705132	8.901711	-215.359	233.993	0.812	0.796	0.828	0.992	5
280	31322225	10.440742	-111.804	116.386	0.745	0.837	0.653	0.987	8
281	31419825	10.473275	-37.573	-59.873	0.892	0.889	0.894	0.983	9
282	31504038	10.501346	-209.861	228.189	0.615	0.641	0.588	0.946	10
283	31815437	10.605146	-116.080	126.466	0.852	0.896	0.807	0.994	9
284	34469398	11.489799	-161.596	211.694	0.731	0.787	0.675	0.988	9
285	36246379	12.082126	-156.708	232.160	0.693	0.792	0.594	0.991	9
286	36301104	12.100368	-213.832	233.077	0.781	0.821	0.740	0.990	9
287	36584191	12.194730	-149.071	178.091	0.582	0.678	0.487	0.983	3
288	36738178	12.246059	-215.054	233.688	0.745	0.724	0.766	0.917	6
289	36887731	12.295910	-214.748	233.993	0.805	0.781	0.830	0.986	4
290	36888332	12.296111	-215.359	233.688	0.825	0.817	0.832	0.996	8
291	37517488	12.505829	-166.483	226.967	0.669	0.746	0.592	0.984	9
292	40052365	13.350788	-170.760	230.022	0.644	0.694	0.594	0.993	7
293	40600081	13.533360	214.748	-222.996	0.750	0.786	0.715	0.989	9
294	41092608	13.697536	235.215	-29.020	0.713	0.578	0.849	0.966	5
295	41455754	13.818585	-147.544	136.852	0.796	0.848	0.743	0.987	7
296	41922247	13.974082	-111.498	108.443	0.806	0.879	0.733	0.987	9
297	42074367	14.024789	-152.126	237.353	0.785	0.802	0.768	0.995	9
298	42390472	14.130157	-97.446	-92.253	0.686	0.727	0.646	0.966	3
299	43292172	14.430724	182.979	-155.792	0.750	0.704	0.795	0.932	8
300	43752048	14.584016	-158.541	213.526	0.859	0.847	0.872	0.993	10
301	44853142	14.951047	-157.319	175.648	0.734	0.774	0.693	0.990	3
302	45566915	15.188972	-214.443	235.215	0.786	0.769	0.803	0.979	8
303	46736506	15.578835	-170.149	228.189	0.637	0.675	0.599	0.980	7
304	49109732	16.369911	84.616	-147.239	0.792	0.791	0.793	0.990	8
305	49566358	16.522119	-215.359	234.299	0.770	0.742	0.797	0.994	6
306	49939915	16.646638	126.161	-118.524	0.867	0.854	0.880	0.992	7
307	51174899	17.058300	109.665	-115.469	0.691	0.539	0.843	0.976	3
308	52005508	17.335169	-214.748	233.688	0.790	0.802	0.779	0.858	7
309	52094327	17.364776	83.394	-76.674	0.856	0.841	0.870	0.993	2
310	52521171	17.507057	-177.480	231.855	0.631	0.686	0.577	0.992	8
311	53403980	17.801327	112.414	-112.720	0.714	0.586	0.842	0.992	5
312	56789126	18.929709	4.582	-44.294	0.788	0.711	0.864	0.988	7
313	57651026	19.217009	133.187	-127.077	0.737	0.622	0.852	0.991	6
314	60000376	20.000125	-214.748	233.382	0.659	0.599	0.719	0.922	7
315	62673275	20.891092	-166.178	233.688	0.683	0.728	0.638	0.985	8
316	63630966	21.210322	-209.250	-207.722	0.546	0.549	0.542	0.991	4
317	64242814	21.414271	-215.054	233.688	0.771	0.796	0.747	0.960	8
318	64731894	21.577298	125.855	-124.328	0.879	0.886	0.872	0.995	7
319	65487885	21.829295	234.299	-215.359	0.825	0.817	0.833	0.988	9
320	66169463	22.056488	-171.371	221.774	0.653	0.752	0.554	0.986	9
321	66526314	22.175438	-212.915	230.938	0.715	0.748	0.682	0.988	9
322	67415155	22.471718	-210.166	229.411	0.619	0.598	0.640	0.944	8
323	68389709	22.796570	176.870	-147.849	0.685	0.561	0.810	0.990	6
324	71682337	23.894112	-156.097	178.091	0.710	0.755	0.665	0.988	4
325	71812732	23.937577	127.077	-121.273	0.863	0.848	0.878	0.992	9
326	73113273	24.371091	-166.483	178.397	0.645	0.716	0.575	0.974	4
327	74240305	24.746768	-97.141	-92.253	0.675	0.690	0.661	0.976	3
328	76639518	25.546506	146.322	-128.910	0.874	0.860	0.888	0.994	9
329	77570916	25.856972	-109.971	117.913	0.810	0.863	0.756	0.992	9
330	78576876	26.192292	181.757	-157.930	0.720	0.681	0.759	0.954	5
331	79394853	26.464951	86.449	-109.665	0.817	0.820	0.814	0.989	9
332	79820972	26.606991	102.334	-89.504	0.835	0.832	0.839	0.954	3
333	80977755	26.992585	-111.498	116.386	0.669	0.827	0.510	0.991	5
334	81497061	27.165687	-67.510	-64.150	0.716	0.798	0.633	0.988	2
335	81790508	27.263503	-214.748	234.299	0.790	0.794	0.786	0.990	4
336	82961157	27.653719	-63.844	39.712	0.920	0.940	0.899	0.993	6
337	83675764	27.891921	117.608	-115.469	0.700	0.546	0.855	0.989	4
338	83964118	27.988039	-209.250	175.037	0.650	0.638	0.662	0.986	4
339	84293911	28.097970	81.562	-77.285	0.862	0.870	0.855	0.989	5
340	84657453	28.219151	-150.599	122.190	0.716	0.814	0.619	0.983	8
341	84844007	28.281336	-180.841	190.616	0.808	0.843	0.774	0.991	9
342	84869402	28.289801	-208.944	223.302	0.591	0.624	0.558	0.990	7
343	86442197	28.814066	183.895	-170.149	0.673	0.683	0.663	0.965	4
344	87094695	29.031565	-50.709	-64.761	0.874	0.866	0.883	0.959	9
345	87309692	29.103231	234.604	-215.970	0.726	0.771	0.681	0.992	9
346	87339393	29.113131	-174.731	177.786	0.747	0.716	0.779	0.989	7
347	87741506	29.247169	106.305	-119.135	0.832	0.812	0.852	0.990	8
348	89206316	29.735439	-25.049	27.187	0.797	0.828	0.765	0.992	3
349	89467981	29.822660	129.826	-124.939	0.912	0.894	0.929	0.992	9
350	89792184	29.930728	-180.841	185.423	0.555	0.529	0.582	0.982	2
351	89855485	29.951828	87.671	-93.781	0.810	0.829	0.790	0.992	6
352	90022044	30.007348	-87.671	-81.562	0.713	0.785	0.641	0.991	4
353	90148626	30.049542	103.556	-106.000	0.854	0.851	0.858	0.991	8
354	90163341	30.054447	107.832	-110.582	0.765	0.707	0.823	0.988	6
355	90335795	30.111932	174.426	-148.155	0.639	0.479	0.800	0.990	2
356	90450303	30.150101	-110.276	117.302	0.697	0.794	0.600	0.983	2
357	90593217	30.197739	125.855	-118.524	0.825	0.776	0.874	0.993	6
358	91232648	30.410883	125.550	-113.636	0.786	0.721	0.851	0.991	6
359	91355786	30.451929	-175.037	228.495	0.629	0.673	0.584	0.948	9
360	92317506	30.772502	-94.086	-89.504	0.720	0.759	0.681	0.869	3
361	93472104	31.157368	178.091	-157.014	0.719	0.733	0.704	0.984	4
362	93526346	31.175449	-176.259	183.590	0.556	0.484	0.629	0.991	4
363	94037873	31.345958	-99.890	93.170	0.879	0.901	0.856	0.991	5
364	94114476	31.371492	-163.734	179.619	0.676	0.724	0.628	0.984	8
365	94917528	31.639176	112.109	-112.720	0.659	0.517	0.801	0.986	2
366	95092732	31.697577	-170.455	216.581	0.728	0.810	0.647	0.981	8
367	95299671	31.766557	-157.319	234.299	0.822	0.869	0.774	0.995	10
368	95329247	31.776416	-210.166	228.495	0.563	0.499	0.626	0.987	6
369	95458467	31.819489	-96.530	-93.475	0.692	0.736	0.647	0.915	2
370	95636256	31.878752	-66.899	236.131	0.565	0.419	0.712	0.982	2
371	95658648	31.886216	-175.037	221.774	0.658	0.714	0.601	0.992	9
372	95869891	31.956630	39.406	-24.743	0.849	0.799	0.899	0.993	7
373	97263258	32.421086	-32.991	-64.761	0.915	0.900	0.930	0.993	9
374	97639279	32.546426	-157.625	238.881	0.745	0.755	0.735	0.986	9
375	97710857	32.570286	-89.198	-82.783	0.663	0.736	0.591	0.952	2
376	97913774	32.637925	-50.709	-21.689	0.718	0.807	0.630	0.993	4
377	97946959	32.648986	-156.097	172.287	0.746	0.825	0.666	0.986	7
378	98442034	32.814011	84.311	-168.927	0.746	0.810	0.682	0.755	4
379	98617055	32.872352	-69.343	-63.539	0.729	0.876	0.582	0.993	2
380	98760406	32.920135	179.008	-157.319	0.659	0.609	0.708	0.723	3
381	98903820	32.967940	-113.942	123.106	0.772	0.844	0.699	0.993	9
382	99067289	33.022430	116.691	-121.273	0.800	0.723	0.877	0.990	8
383	99253632	33.084544	-215.054	233.993	0.766	0.755	0.778	0.990	3
384	99287106	33.095702	-18.634	-165.567	0.727	0.802	0.653	0.992	5
385	99346125	33.115375	-168.927	176.870	0.663	0.557	0.770	0.977	3
386	99386892	33.128964	-120.051	125.550	0.859	0.886	0.832	0.985	9
387	99439302	33.146434	-112.109	87.671	0.878	0.903	0.853	0.993	3
388	99654143	33.218048	-215.054	233.993	0.727	0.707	0.748	0.930	5
389	99662695	33.220898	73.619	-88.282	0.842	0.840	0.844	0.993	3
390	99788150	33.262717	126.161	-115.775	0.796	0.707	0.886	0.990	3
391	100053558	33.351186	-214.137	-205.584	0.537	0.652	0.421	0.932	2
392	100053564	33.351188	-214.748	236.131	0.748	0.730	0.765	0.872	2
393	100131213	33.377071	-177.175	183.590	0.731	0.722	0.741	0.983	9
394	100170733	33.390244	-155.792	229.106	0.822	0.869	0.774	0.995	10
395	100195495	33.398498	-215.054	234.604	0.717	0.686	0.747	0.989	4
396	100283618	33.427873	-154.875	172.898	0.646	0.707	0.585	0.993	7
397	100397948	33.465983	-109.360	118.218	0.605	0.671	0.539	0.976	2
398	100419285	33.473095	124.939	-117.913	0.805	0.727	0.884	0.989	5
399	100531760	33.510587	-159.763	158.541	0.850	0.864	0.837	0.964	9
400	101082668	33.694223	-155.181	178.397	0.649	0.687	0.610	0.984	8
401	101216334	33.738778	177.175	-149.377	0.753	0.692	0.814	0.995	8
402	101244519	33.748173	127.994	-115.775	0.815	0.762	0.868	0.993	3
403	101342484	33.780828	101.417	-103.250	0.795	0.776	0.814	0.986	6
404	101362837	33.787612	84.922	-146.322	0.787	0.767	0.808	0.910	8
405	101391151	33.797050	-153.959	133.798	0.920	0.914	0.926	0.993	10
406	101562392	33.854131	-95.613	-92.864	0.669	0.688	0.650	0.915	4
407	101702608	33.900869	-156.403	172.593	0.692	0.781	0.603	0.994	4
408	101729195	33.909732	-94.391	-90.420	0.708	0.716	0.701	0.940	6
409	101748224	33.916075	-156.708	180.230	0.778	0.809	0.747	0.986	7
410	101851688	33.950563	-165.567	184.506	0.739	0.745	0.733	0.984	9
411	101893551	33.964517	-198.558	207.111	0.660	0.684	0.636	0.987	2
412	102351634	34.117211	-167.705	171.371	0.815	0.794	0.837	0.977	8
413	102402560	34.134187	-131.659	113.025	0.785	0.834	0.735	0.962	8
414	102590686	34.196895	87.977	-88.282	0.839	0.827	0.850	0.993	7
415	102749513	34.249838	122.495	-119.135	0.865	0.850	0.879	0.994	9
416	102789646	34.263215	36.962	-26.576	0.841	0.813	0.869	0.990	9
417	102932759	34.310920	-165.872	173.204	0.550	0.692	0.408	0.986	2
418	103020740	34.340247	89.504	-82.783	0.823	0.783	0.863	0.994	3
419	103405732	34.468577	-186.645	177.480	0.800	0.784	0.817	0.995	10
420	103408467	34.469489	-197.336	176.259	0.888	0.888	0.887	0.992	9
421	103799434	34.599811	-68.121	-70.259	0.664	0.637	0.691	0.950	9
422	104043047	34.681016	-147.849	177.786	0.754	0.799	0.710	0.988	7
423	104062325	34.687442	86.144	-101.112	0.797	0.846	0.748	0.990	6
424	104113112	34.704371	-113.636	113.025	0.859	0.888	0.829	0.973	3
425	104251380	34.750460	111.498	-94.697	0.575	0.520	0.631	0.991	2
426	104292368	34.764123	95.613	-89.809	0.712	0.707	0.717	0.786	2
427	104337521	34.779174	-114.553	126.161	0.713	0.809	0.616	0.975	5
428	104440627	34.813542	-89.809	-84.616	0.769	0.820	0.719	0.992	5
429	104443423	34.814474	-95.919	-92.253	0.674	0.695	0.652	0.909	2
430	104598598	34.866199	-175.037	184.812	0.629	0.604	0.655	0.989	8
431	104660972	34.886991	-158.541	179.313	0.703	0.750	0.656	0.984	7
432	104769770	34.923257	-96.224	-93.170	0.561	0.620	0.503	0.982	3
433	104983734	34.994578	-118.829	126.772	0.882	0.892	0.872	0.994	10
434	104992061	34.997354	83.394	-142.962	0.718	0.770	0.666	0.846	2
435	105044683	35.014894	175.648	-152.432	0.729	0.738	0.719	0.991	2
436	105231397	35.077132	-153.959	176.870	0.598	0.713	0.482	0.894	2
437	105372928	35.124309	-156.097	175.953	0.623	0.700	0.546	0.990	5
438	105375961	35.125320	-69.954	95.002	0.639	0.861	0.416	0.992	4
439	105425302	35.141767	-174.120	185.728	0.642	0.641	0.644	0.992	9
440	105481599	35.160533	-118.524	116.691	0.808	0.873	0.743	0.972	9
441	105720903	35.240301	-116.997	87.366	0.789	0.828	0.750	0.982	3
442	105725032	35.241677	165.872	-135.325	0.580	0.402	0.758	0.978	3
443	105738848	35.246283	-95.613	-82.173	0.817	0.885	0.749	0.987	6
444	106025146	35.341715	-147.849	168.011	0.705	0.809	0.601	0.993	4
445	106076129	35.358710	-115.164	119.746	0.651	0.779	0.523	0.980	6
446	106287428	35.429143	-154.875	146.017	0.848	0.870	0.827	0.995	10
447	106432767	35.477589	-122.495	131.965	0.742	0.830	0.653	0.991	9
448	106490287	35.496762	87.366	-94.086	0.843	0.860	0.826	0.994	8
449	106583129	35.527710	141.129	-138.991	0.775	0.714	0.836	0.988	3
450	106722903	35.574301	-157.014	180.535	0.525	0.514	0.536	0.973	2
451	106917225	35.639075	-174.120	184.506	0.668	0.694	0.643	0.989	9
452	107017915	35.672638	-154.570	179.008	0.644	0.617	0.670	0.987	3
453	107047171	35.682390	-160.374	165.261	0.856	0.870	0.843	0.995	8
454	107150408	35.716803	-97.141	-89.809	0.737	0.770	0.704	0.968	6
455	107255099	35.751700	123.717	-128.910	0.926	0.925	0.927	0.995	9
456	107467535	35.822512	-155.486	164.956	0.842	0.856	0.828	0.992	10
457	107471353	35.823784	-107.221	35.435	0.867	0.918	0.817	0.994	5
458	107550383	35.850128	92.253	-128.910	0.805	0.769	0.840	0.951	3
459	107569580	35.856527	117.608	-117.913	0.823	0.768	0.879	0.992	7
460	107581512	35.860504	-115.469	124.939	0.837	0.863	0.811	0.991	5
461	107615120	35.871707	-181.757	184.812	0.525	0.428	0.621	0.979	2
462	107662533	35.887511	-170.149	184.812	0.634	0.657	0.610	0.989	2
463	107691517	35.897172	-162.818	182.674	0.581	0.511	0.650	0.988	4
464	107715762	35.905254	-161.290	178.702	0.643	0.680	0.605	0.990	2
465	107885509	35.961836	-146.322	127.383	0.769	0.829	0.710	0.985	6
466	107980141	35.993380	-150.293	136.241	0.790	0.846	0.735	0.991	7
467	108025586	36.008529	-57.735	-69.954	0.686	0.538	0.834	0.960	4
468	108058711	36.019570	-110.887	109.971	0.662	0.785	0.539	0.990	2
469	108078769	36.026256	-125.855	127.077	0.878	0.888	0.868	0.990	9
470	108164306	36.054769	-149.682	125.855	0.751	0.853	0.648	0.980	6
471	108253338	36.084446	-82.173	-74.536	0.742	0.875	0.608	0.980	5
472	108296568	36.098856	-100.196	7.331	0.598	0.688	0.508	0.984	2
473	108343161	36.114387	-93.475	-82.478	0.802	0.829	0.775	0.989	4
474	108472178	36.157393	-96.530	-81.867	0.763	0.855	0.670	0.976	3
475	108531652	36.177217	-108.443	123.412	0.615	0.734	0.495	0.987	2
476	108531652	36.177217	-97.141	-96.530	0.514	0.605	0.424	0.991	2
477	108714410	36.238137	-106.000	107.527	0.748	0.848	0.648	0.982	3
478	108723458	36.241153	-59.567	30.547	0.730	0.855	0.606	0.990	5
479	108771749	36.257250	90.726	-119.135	0.883	0.894	0.871	0.989	8
480	108777268	36.259089	111.193	-114.553	0.766	0.697	0.834	0.993	4
481	108830198	36.276733	-115.164	118.218	0.713	0.824	0.602	0.977	7
482	108873083	36.291028	-214.748	233.688	0.772	0.821	0.723	0.987	9
483	108901744	36.300581	95.613	-90.115	0.712	0.646	0.778	0.988	2
484	108902421	36.300807	4.582	-44.905	0.790	0.750	0.830	0.990	4
485	108914866	36.304955	-154.875	177.175	0.644	0.766	0.523	0.992	7
486	109048237	36.349412	103.556	-83.394	0.780	0.759	0.801	0.985	3
487	109079596	36.359865	-66.899	-62.011	0.698	0.804	0.591	0.988	4
488	109146584	36.382195	-154.875	134.714	0.848	0.892	0.805	0.994	9
489	109182882	36.394294	-86.755	-80.645	0.637	0.827	0.446	0.990	2
490	109202448	36.400816	-96.224	-92.559	0.696	0.724	0.669	0.991	4
491	109521417	36.507139	234.604	-215.359	0.784	0.803	0.764	0.980	8
492	109674704	36.558235	-157.625	178.091	0.551	0.587	0.515	0.902	2
493	109727489	36.575830	84.005	-143.878	0.843	0.864	0.821	0.994	9
494	109744853	36.581618	86.755	-146.933	0.638	0.556	0.719	0.990	3
495	109769136	36.589712	-178.702	204.973	0.564	0.610	0.518	0.985	8
496	109884673	36.628224	-117.302	117.608	0.877	0.922	0.831	0.989	9
497	109949214	36.649738	87.977	-109.971	0.813	0.826	0.800	0.980	4
498	110131599	36.710533	-156.708	162.207	0.839	0.860	0.817	0.995	8
499	110147108	36.715703	196.725	-205.890	0.561	0.601	0.521	0.910	3
500	110168298	36.722766	-157.014	181.452	0.638	0.610	0.666	0.980	3
501	110234393	36.744798	-90.726	-77.896	0.775	0.864	0.686	0.994	5
502	110286172	36.762057	185.423	-161.596	0.710	0.725	0.696	0.976	6
503	110426666	36.808889	-135.020	127.994	0.828	0.868	0.789	0.992	8
504	110462578	36.820859	-96.835	-93.781	0.524	0.638	0.410	0.988	2
505	110478427	36.826142	-97.141	-91.948	0.634	0.711	0.557	0.986	4
506	110513436	36.837812	-88.893	-80.951	0.638	0.747	0.529	0.992	2
507	110608183	36.869394	-115.469	86.144	0.872	0.902	0.841	0.996	9
508	110707118	36.902373	-77.590	-69.037	0.704	0.893	0.515	0.973	2
509	110733765	36.911255	-88.282	-82.783	0.764	0.822	0.706	0.975	5
510	110824007	36.941336	-87.977	1.833	0.849	0.881	0.817	0.986	2
511	110879496	36.959832	-149.988	161.596	0.752	0.831	0.673	0.993	7
512	111066364	37.022121	-131.048	92.253	0.595	0.470	0.720	0.965	2
513	111133042	37.044347	-90.726	-82.173	0.619	0.826	0.412	0.982	2
514	111144795	37.048265	-147.544	126.466	0.687	0.809	0.564	0.974	3
515	111161300	37.053767	-108.749	117.608	0.610	0.763	0.458	0.986	2
516	111330107	37.110036	-161.290	177.480	0.673	0.662	0.684	0.991	2
517	111368383	37.122794	-115.164	87.671	0.901	0.915	0.886	0.992	7
518	111393420	37.131140	-86.449	37.573	0.910	0.917	0.904	0.992	4
519	111500446	37.166815	-89.809	-85.533	0.739	0.775	0.704	0.979	2
520	111610960	37.203653	-95.919	-87.977	0.686	0.768	0.605	0.990	2
521	111659269	37.219756	-78.201	88.893	0.885	0.914	0.856	0.929	9
522	111678339	37.226113	-222.385	228.800	0.618	0.585	0.652	0.827	2
523	111691229	37.230410	-88.587	91.642	0.730	0.857	0.603	0.993	3
524	111785095	37.261698	-197.947	226.356	0.541	0.483	0.600	0.990	7
525	111902526	37.300842	-108.138	96.224	0.802	0.861	0.743	0.992	3
526	111945839	37.315280	-113.636	114.247	0.736	0.853	0.618	0.984	9
527	111998992	37.332997	-117.608	116.080	0.798	0.877	0.718	0.949	7
528	112015466	37.338489	-37.573	-68.732	0.741	0.676	0.805	0.922	8
529	112054726	37.351575	-97.446	-94.086	0.606	0.705	0.507	0.967	2
530	112105211	37.368404	-113.636	126.772	0.857	0.874	0.840	0.994	9
531	112167902	37.389301	-161.290	175.648	0.705	0.704	0.706	0.987	5
532	112188918	37.396306	177.786	-157.930	0.750	0.738	0.762	0.985	3
533	112296351	37.432117	-112.720	119.440	0.758	0.860	0.656	0.986	2
534	112324138	37.441379	-54.069	-21.383	0.796	0.750	0.842	0.929	3
535	112358317	37.452772	-96.835	-90.115	0.680	0.707	0.652	0.979	2
536	112368750	37.456250	-111.498	85.227	0.888	0.911	0.866	0.977	3
537	112381083	37.460361	-112.414	121.273	0.749	0.855	0.643	0.995	9
538	112387928	37.462643	-84.005	40.323	0.875	0.922	0.829	0.994	8
539	112434438	37.478146	-153.959	179.619	0.626	0.723	0.528	0.985	3
540	112450583	37.483528	-114.247	119.440	0.707	0.836	0.578	0.985	6
541	112481896	37.493965	-71.786	-67.510	0.692	0.795	0.589	0.978	2
542	112486396	37.495465	-116.080	125.855	0.805	0.877	0.732	0.993	9
543	112592278	37.530759	-156.708	171.676	0.786	0.828	0.743	0.995	8
544	112689776	37.563259	-127.688	126.161	0.886	0.888	0.883	0.992	9
545	112692539	37.564180	1.222	-59.262	0.849	0.800	0.898	0.996	10
546	112700352	37.566784	-78.201	107.832	0.613	0.728	0.498	0.993	3
547	112721963	37.573988	94.086	-110.276	0.868	0.838	0.898	0.993	2
548	112770648	37.590216	-109.971	109.665	0.682	0.814	0.550	0.994	5
549	112788683	37.596228	-109.360	123.412	0.783	0.850	0.716	0.994	9
550	112859704	37.619901	-117.913	107.527	0.877	0.913	0.840	0.985	8
551	112865254	37.621751	-159.457	169.538	0.793	0.808	0.778	0.991	9
552	112870840	37.623613	-159.763	176.870	0.683	0.741	0.624	0.991	2
553	112906737	37.635579	-236.742	-234.604	0.444	0.457	0.432	0.968	2
554	112911737	37.637246	95.919	-82.478	0.834	0.815	0.853	0.993	2
555	112925075	37.641692	-156.403	179.619	0.631	0.642	0.620	0.994	4
556	112956872	37.652291	-94.391	-89.504	0.726	0.747	0.705	0.830	7
557	112964692	37.654897	-131.048	121.884	0.934	0.941	0.927	0.990	9
558	113027268	37.675756	-115.775	117.608	0.823	0.884	0.762	0.983	8
559	113082387	37.694129	-41.850	-14.357	0.811	0.778	0.843	0.984	2
560	113085616	37.695205	-87.366	-79.118	0.767	0.843	0.691	0.990	3
561	113151856	37.717285	-86.755	-82.173	0.643	0.681	0.605	0.750	2
562	113171463	37.723821	82.173	-82.783	0.717	0.599	0.835	0.991	2
563	113198204	37.732735	-142.656	127.077	0.814	0.868	0.759	0.987	9
564	113230322	37.743441	-152.432	180.841	0.643	0.636	0.650	0.986	7
565	113287053	37.762351	-194.892	222.691	0.592	0.607	0.576	0.988	8
566	113335882	37.778627	-108.749	103.861	0.833	0.890	0.775	0.989	6
567	113426332	37.808777	-165.872	159.763	0.912	0.906	0.918	0.991	10
568	113448986	37.816329	-102.334	105.694	0.734	0.862	0.606	0.993	2
569	113463660	37.821220	-157.014	178.091	0.703	0.781	0.624	0.989	5
570	113483765	37.827922	-171.676	198.864	0.647	0.685	0.608	0.981	9
571	113516262	37.838754	-62.011	-67.510	0.766	0.669	0.862	0.895	6
572	113519239	37.839746	-176.564	177.480	0.786	0.819	0.754	0.993	10
573	113532023	37.844008	-152.737	178.091	0.622	0.674	0.570	0.994	2
574	113582324	37.860775	-114.247	116.080	0.803	0.882	0.724	0.971	9
575	113591356	37.863785	-206.500	178.397	0.744	0.717	0.770	0.993	7
576	113595316	37.865105	-164.956	178.397	0.695	0.710	0.680	0.968	5
577	113615341	37.871780	-214.137	231.549	0.663	0.578	0.747	0.961	9
578	113625571	37.875190	140.824	-129.216	0.866	0.854	0.878	0.989	9
579	113633475	37.877825	-172.898	180.230	0.575	0.508	0.641	0.995	7
580	113636068	37.878689	-94.086	-22.300	0.805	0.856	0.753	0.994	2
581	113639903	37.879968	1.527	-41.239	0.788	0.815	0.761	0.966	4
582	113756499	37.918833	-114.553	120.051	0.873	0.905	0.842	0.993	9
583	113769986	37.923329	-161.596	178.397	0.601	0.601	0.601	0.987	3
584	113772546	37.924182	-156.403	142.962	0.805	0.861	0.750	0.965	10
585	113787782	37.929261	-120.051	128.299	0.836	0.881	0.790	0.991	9
586	113886351	37.962117	-233.688	230.327	0.586	0.513	0.660	0.903	3
587	113927520	37.975840	36.962	-22.300	0.797	0.707	0.887	0.976	2
588	113933960	37.977987	-111.193	105.694	0.782	0.871	0.694	0.987	2
589	113961059	37.987020	-214.443	233.077	0.782	0.808	0.755	0.962	8
590	113986964	37.995655	127.383	-127.383	0.915	0.917	0.913	0.954	10
591	114032316	38.010772	-115.164	118.218	0.745	0.838	0.651	0.984	5
592	114035899	38.011966	-154.875	132.270	0.876	0.896	0.856	0.996	8
593	114090790	38.030263	-96.530	-94.697	0.583	0.611	0.555	0.942	4
594	114098858	38.032953	-91.948	-89.198	0.760	0.770	0.751	0.980	2
595	114131611	38.043870	-35.435	-65.677	0.839	0.813	0.865	0.943	8
596	114155528	38.051843	182.674	-158.847	0.732	0.713	0.751	0.952	8
597	114162842	38.054281	182.979	-168.011	0.780	0.830	0.730	0.991	8
598	114188795	38.062932	-18.634	29.631	0.781	0.714	0.849	0.994	3
599	114200549	38.066850	-213.221	233.077	0.790	0.808	0.771	0.969	6
600	114210389	38.070130	-27.187	-39.712	0.890	0.895	0.884	0.979	6
601	114219089	38.073030	-117.302	113.025	0.900	0.927	0.873	0.991	9
602	114221100	38.073700	91.948	-112.720	0.754	0.708	0.800	0.871	2
603	114231416	38.077139	134.714	-114.553	0.867	0.847	0.887	0.980	8
604	114244919	38.081640	-215.054	233.993	0.726	0.735	0.716	0.902	4
605	114266308	38.088769	-146.628	133.798	0.882	0.893	0.872	0.995	8
606	114356790	38.118930	-70.565	80.645	0.864	0.905	0.823	0.988	2
607	114368936	38.122979	-96.835	-91.642	0.606	0.728	0.485	0.988	6
608	114383460	38.127820	-143.573	122.801	0.905	0.905	0.905	0.993	9
609	114399971	38.133324	-159.763	167.094	0.663	0.766	0.559	0.992	8
610	114472803	38.157601	-157.014	182.979	0.526	0.468	0.584	0.985	5
611	114489224	38.163075	-89.504	-84.922	0.703	0.757	0.649	0.991	2
612	114513776	38.171259	-117.302	107.527	0.807	0.895	0.719	0.990	9
613	114588826	38.196275	-70.870	-65.982	0.754	0.828	0.680	0.992	3
614	114618627	38.206209	-29.631	21.078	0.830	0.814	0.846	0.992	8
615	114628009	38.209336	-209.861	225.134	0.552	0.490	0.614	0.987	9
616	114649139	38.216380	108.443	-121.273	0.715	0.609	0.821	0.986	6
617	114743271	38.247757	126.161	-116.386	0.861	0.817	0.904	0.994	8
618	114761193	38.253731	-98.057	-88.893	0.751	0.823	0.679	0.860	2
619	114872913	38.290971	-210.166	209.555	0.433	0.428	0.438	0.985	2
620	114887760	38.295920	-95.919	-87.977	0.686	0.768	0.605	0.990	2
621	114936069	38.312023	-78.201	88.893	0.885	0.914	0.856	0.929	9
622	114955139	38.318380	-222.385	228.800	0.618	0.585	0.652	0.827	2
623	114968029	38.322676	-88.587	91.642	0.730	0.857	0.603	0.993	3
624	115061895	38.353965	-197.947	226.356	0.541	0.483	0.600	0.990	7
625	115179326	38.393109	-108.138	96.224	0.802	0.861	0.743	0.992	3
626	115222639	38.407546	-113.636	114.247	0.736	0.853	0.618	0.984	9
627	115275792	38.425264	-117.608	116.080	0.798	0.877	0.718	0.949	7
628	115292266	38.430755	-37.573	-68.732	0.741	0.676	0.805	0.922	8
629	115331526	38.443842	-97.446	-94.086	0.606	0.705	0.507	0.967	2
630	115382011	38.460670	-113.636	126.772	0.857	0.874	0.840	0.994	9
631	115444702	38.481567	-161.290	175.648	0.705	0.704	0.706	0.987	5
632	115465718	38.488573	177.786	-157.930	0.750	0.738	0.762	0.985	3
633	115573151	38.524384	-112.720	119.440	0.758	0.860	0.656	0.986	2
634	115600938	38.533646	-54.069	-21.383	0.796	0.750	0.842	0.929	3
635	115635117	38.545039	-96.835	-90.115	0.680	0.707	0.652	0.979	2
636	115645550	38.548517	-111.498	85.227	0.888	0.911	0.866	0.977	3
637	115657883	38.552628	-112.414	121.273	0.749	0.855	0.643	0.995	9
638	115664728	38.554909	-84.005	40.323	0.875	0.922	0.829	0.994	8
639	115711238	38.570413	-153.959	179.619	0.626	0.723	0.528	0.985	3
640	115727383	38.575794	-114.247	119.440	0.707	0.836	0.578	0.985	6
641	115758696	38.586232	-71.786	-67.510	0.692	0.795	0.589	0.978	2
642	115763196	38.587732	-116.080	125.855	0.805	0.877	0.732	0.993	9
643	115869078	38.623026	-156.708	171.676	0.786	0.828	0.743	0.995	8
644	115966576	38.655525	-127.688	126.161	0.886	0.888	0.883	0.992	9
645	115969339	38.656446	1.222	-59.262	0.849	0.800	0.898	0.996	10
646	115977152	38.659051	-78.201	107.832	0.613	0.728	0.498	0.993	3
647	115998763	38.666254	94.086	-110.276	0.868	0.838	0.898	0.993	2
648	116064612	38.688204	-27.798	-49.181	0.581	0.541	0.620	0.982	2
649	116088123	38.696041	-165.567	177.786	0.613	0.525	0.700	0.984	2
650	116104581	38.701527	-107.221	83.700	0.797	0.831	0.764	0.989	2
651	116105475	38.701825	-176.564	142.045	0.658	0.704	0.613	0.973	3
652	116113557	38.704519	-92.864	-82.783	0.769	0.868	0.669	0.992	2
653	116135325	38.711775	37.573	-27.493	0.865	0.846	0.884	0.975	7
654	116205081	38.735027	139.602	-28.409	0.624	0.404	0.844	0.990	2
655	116210395	38.736798	234.299	-230.633	0.599	0.742	0.456	0.948	3
656	116210395	38.736798	235.826	234.910	0.535	0.616	0.454	0.985	2
657	116248223	38.749408	-66.593	-63.233	0.614	0.715	0.513	0.988	2
658	116258980	38.752993	-61.400	-22.300	0.680	0.787	0.573	0.992	2
659	116273295	38.757765	-128.605	142.351	0.690	0.765	0.614	0.981	8
660	116281827	38.760609	24.743	-46.738	0.814	0.714	0.913	0.980	2
661	116293534	38.764511	-36.657	-61.706	0.867	0.861	0.874	0.992	6
662	116311678	38.770559	90.420	-82.478	0.854	0.850	0.857	0.994	4
663	116339559	38.779853	-69.954	13.746	0.678	0.812	0.544	0.994	4
664	116362489	38.787496	39.712	-25.660	0.860	0.837	0.883	0.957	5
665	116365428	38.788476	-44.294	-64.761	0.880	0.893	0.867	0.971	7
666	116369383	38.789794	-5.193	-32.991	0.815	0.839	0.792	0.970	2
667	116375157	38.791719	-34.213	-65.371	0.814	0.793	0.835	0.991	3
668	116378624	38.792875	34.213	-27.187	0.843	0.806	0.881	0.990	5
669	116380532	38.793511	-63.233	-62.011	0.650	0.669	0.631	0.988	2
670	116388342	38.796114	-111.193	123.106	0.793	0.904	0.683	0.993	7
671	116402164	38.800721	40.934	-68.426	0.895	0.893	0.896	0.987	2
672	116407945	38.802648	-30.853	-63.539	0.895	0.872	0.918	0.982	2
673	116409770	38.803257	-57.124	-69.343	0.682	0.511	0.853	0.946	5
674	116418077	38.806026	4.277	-31.769	0.707	0.684	0.730	0.994	7
675	116431938	38.810646	29.020	-44.905	0.837	0.777	0.896	0.905	7
676	116440222	38.813407	-44.599	-52.236	0.824	0.830	0.818	0.979	4
677	116442528	38.814176	-9.470	-45.516	0.697	0.562	0.833	0.985	2
678	116458530	38.819510	-18.023	-60.789	0.855	0.835	0.876	0.994	6
679	116459951	38.819984	-61.400	-70.259	0.655	0.540	0.769	0.925	3
680	116472673	38.824224	37.879	-25.049	0.851	0.836	0.866	0.950	7
681	116475036	38.825012	234.604	-30.853	0.774	0.737	0.812	0.985	3
682	116475034	38.825011	235.521	235.521	0.650	0.646	0.654	0.985	2
683	116477962	38.825987	136.547	-31.464	0.707	0.554	0.860	0.965	2
684	116487858	38.829286	-59.567	-69.648	0.715	0.620	0.811	0.973	2
685	116506837	38.835612	-53.152	-69.648	0.695	0.549	0.841	0.954	3
686	116518726	38.839575	0.305	-47.959	0.804	0.794	0.813	0.990	3
