EventID	ArrivalGlobalIdx	ArrivalTime_s	X_mm	Y_mm	LocateConf	MaxX	MaxY	DetectConf	HitCount
1	370166	0.123389	234.299	-214.748	0.773	0.809	0.736	0.974	3
2	644210	0.214737	-156.708	176.870	0.707	0.776	0.637	0.991	2
3	749663	0.249888	124.328	-119.440	0.897	0.895	0.898	0.995	9
4	948570	0.316190	123.412	-120.662	0.811	0.765	0.857	0.990	9
5	1051202	0.350401	175.953	-167.094	0.829	0.821	0.837	0.978	8
6	1346711	0.448904	-102.028	109.971	0.712	0.755	0.670	0.980	2
7	1478050	0.492683	102.945	-115.164	0.874	0.842	0.906	0.993	10
8	1584569	0.528190	-116.997	124.633	0.672	0.845	0.498	0.990	2
9	1619588	0.539863	180.230	-157.625	0.692	0.667	0.718	0.959	5
10	1705656	0.568552	-106.610	110.582	0.634	0.771	0.498	0.991	5
11	1843470	0.614490	-215.359	235.215	0.801	0.780	0.821	0.992	5
12	2187322	0.729107	-114.553	127.383	0.813	0.857	0.769	0.994	9
13	2597521	0.865840	107.221	-105.694	0.743	0.760	0.725	0.990	2
14	2927531	0.975844	-214.748	233.993	0.804	0.816	0.793	0.993	7
15	3248045	1.082682	-96.835	-96.835	0.443	0.480	0.406	0.977	2
16	3353344	1.117781	-81.256	-72.397	0.755	0.832	0.677	0.959	7
17	3840345	1.280115	-156.708	178.397	0.718	0.765	0.672	0.991	6
18	3851817	1.283939	111.498	-110.887	0.688	0.566	0.810	0.981	2
19	4009503	1.336501	-155.486	178.702	0.704	0.805	0.602	0.983	9
20	4254166	1.418055	-107.527	109.360	0.646	0.739	0.554	0.976	3
21	4334965	1.444988	-87.060	-82.173	0.701	0.737	0.664	0.982	3
22	4429100	1.476367	-155.792	178.091	0.639	0.758	0.520	0.987	3
23	4771268	1.590423	-81.867	-80.951	0.650	0.671	0.628	0.960	2
24	5530449	1.843483	-89.504	-86.755	0.775	0.787	0.763	0.990	4
25	5544053	1.848018	-165.261	184.812	0.644	0.607	0.681	0.987	4
26	5641986	1.880662	-109.665	83.700	0.887	0.885	0.890	0.994	5
27	6381193	2.127064	-115.164	117.608	0.808	0.889	0.726	0.994	9
28	6408303	2.136101	187.256	-151.210	0.574	0.638	0.511	0.989	4
29	6588842	2.196281	-138.380	136.241	0.861	0.883	0.839	0.982	10
30	7057500	2.352500	-88.282	-84.922	0.657	0.693	0.622	0.713	2
31	7071630	2.357210	84.616	-112.414	0.875	0.884	0.866	0.994	8
32	7219147	2.406382	-108.443	114.858	0.631	0.764	0.498	0.989	3
33	7296138	2.432046	-121.579	124.633	0.858	0.897	0.820	0.990	9
34	7322627	2.440876	175.648	-124.633	0.670	0.533	0.807	0.978	6
35	7521073	2.507024	171.371	-147.239	0.642	0.486	0.798	0.973	4
36	7957898	2.652633	-149.682	147.544	0.768	0.848	0.687	0.978	9
37	8052980	2.684327	-166.178	180.230	0.676	0.639	0.712	0.991	6
38	8070573	2.690191	-149.682	137.769	0.717	0.828	0.607	0.993	8
39	8075374	2.691791	-95.613	-93.170	0.620	0.635	0.605	0.878	4
40	8147977	2.715992	-103.861	107.832	0.625	0.716	0.533	0.962	2
41	8148738	2.716246	-153.653	177.786	0.594	0.669	0.520	0.992	4
42	8455788	2.818596	-133.187	142.045	0.586	0.699	0.474	0.991	3
43	8761425	2.920475	-161.290	184.201	0.672	0.716	0.628	0.989	8
44	9029746	3.009915	234.604	-218.414	0.781	0.818	0.744	0.993	10
45	9129534	3.043178	133.798	-139.296	0.847	0.829	0.864	0.993	8
46	9286899	3.095633	-62.622	-69.648	0.731	0.645	0.817	0.989	5
47	9404369	3.134790	-122.801	127.688	0.807	0.868	0.746	0.992	9
48	9431532	3.143844	-175.342	181.146	0.542	0.483	0.602	0.992	2
49	9490899	3.163633	-151.210	177.480	0.652	0.731	0.573	0.990	7
50	9525202	3.175067	-101.417	111.498	0.590	0.691	0.488	0.993	3
51	9539521	3.179840	-135.325	127.688	0.922	0.933	0.912	0.995	9
52	9569883	3.189961	-176.564	190.005	0.750	0.755	0.744	0.994	7
53	9745839	3.248613	233.382	-215.665	0.644	0.756	0.531	0.957	6
54	9791675	3.263892	88.893	-157.319	0.818	0.837	0.798	0.947	2
55	9820835	3.273612	-214.748	236.437	0.730	0.745	0.715	0.970	3
56	10036991	3.345664	234.604	-215.665	0.676	0.759	0.593	0.979	5
57	10102655	3.367552	-156.097	169.538	0.793	0.810	0.776	0.989	8
58	10151107	3.383702	183.284	-165.261	0.652	0.740	0.565	0.987	4
59	10360720	3.453573	-107.527	117.608	0.771	0.829	0.712	0.992	2
60	10360720	3.453573	-102.334	113.331	0.641	0.719	0.564	0.991	3
61	10728439	3.576146	-83.394	-77.590	0.601	0.795	0.407	0.993	2
62	10741128	3.580376	-153.653	152.737	0.691	0.755	0.628	0.933	8
63	10755051	3.585017	-38.490	-66.593	0.542	0.443	0.641	0.788	3
64	10800251	3.600084	235.521	-218.719	0.754	0.842	0.667	0.992	10
65	10809790	3.603263	-214.748	233.993	0.772	0.782	0.761	0.800	4
66	10833344	3.611115	-221.163	226.967	0.580	0.544	0.616	0.895	4
67	10885178	3.628393	-85.533	-0.305	0.893	0.904	0.882	0.993	4
68	11052502	3.684167	-162.818	177.786	0.797	0.793	0.802	0.992	9
69	11563399	3.854466	-147.849	167.705	0.796	0.830	0.763	0.983	8
70	11578346	3.859449	-113.331	112.414	0.794	0.888	0.699	0.979	9
71	11596454	3.865485	-157.319	171.371	0.619	0.799	0.440	0.976	3
72	11601671	3.867224	-96.530	-90.726	0.717	0.765	0.669	0.989	5
73	11820013	3.940004	-114.247	125.550	0.731	0.830	0.632	0.994	8
74	11842866	3.947622	-107.221	110.887	0.650	0.775	0.525	0.992	5
75	11964349	3.988116	-157.930	182.674	0.688	0.791	0.586	0.991	4
76	12259968	4.086656	-102.945	115.775	0.613	0.726	0.500	0.994	3
77	12277275	4.092425	174.426	-169.844	0.827	0.849	0.806	0.993	8
78	12396997	4.132332	182.979	-161.596	0.739	0.687	0.791	0.956	7
79	12454051	4.151350	-156.403	167.400	0.849	0.858	0.839	0.995	9
80	12488361	4.162787	-116.386	122.801	0.654	0.797	0.510	0.990	3
81	12616087	4.205362	233.993	-216.581	0.665	0.769	0.561	0.937	4
82	12622825	4.207608	234.910	-234.910	0.688	0.727	0.648	0.994	9
83	12690523	4.230174	-217.192	229.717	0.540	0.414	0.666	0.939	2
84	12712965	4.237655	-162.818	184.506	0.780	0.820	0.741	0.992	9
85	12976824	4.325608	-157.319	180.230	0.670	0.691	0.650	0.958	3
86	12990799	4.330266	234.910	-223.607	0.690	0.803	0.578	0.988	9
87	13020508	4.340169	-175.342	184.506	0.638	0.631	0.645	0.994	7
88	13125835	4.375278	126.161	-132.576	0.880	0.872	0.889	0.992	10
89	13135120	4.378373	-102.334	-97.141	0.662	0.746	0.579	0.989	4
90	13219828	4.406609	41.850	-22.605	0.813	0.764	0.863	0.990	2
91	13240466	4.413489	-170.760	179.924	0.746	0.702	0.790	0.992	7
92	13382355	4.460785	-158.847	147.239	0.864	0.885	0.842	0.990	8
93	13488499	4.496166	-152.737	180.230	0.639	0.657	0.621	0.993	5
94	13874934	4.624978	-169.538	183.590	0.590	0.575	0.605	0.989	8
95	13981641	4.660547	-88.587	-80.645	0.672	0.785	0.559	0.991	2
96	14082653	4.694218	-116.080	103.556	0.891	0.920	0.862	0.996	9
97	14087254	4.695751	-96.224	-93.475	0.602	0.642	0.562	0.985	3
98	14272850	4.757617	-94.391	-90.420	0.761	0.772	0.750	0.994	3
99	14374817	4.791606	-171.676	182.979	0.597	0.486	0.708	0.901	4
100	14397382	4.799127	83.394	-102.639	0.769	0.814	0.724	0.977	4
101	14546541	4.848847	-96.530	-92.559	0.712	0.721	0.702	0.989	4
102	14608783	4.869594	180.535	-157.014	0.715	0.705	0.725	0.972	3
103	14628929	4.876310	-120.051	125.550	0.789	0.867	0.712	0.989	9
104	14788739	4.929580	-166.483	179.313	0.601	0.587	0.615	0.994	7
105	14922215	4.974072	-160.374	204.973	0.658	0.689	0.626	0.989	7
106	14976455	4.992152	-97.141	-93.475	0.682	0.706	0.659	0.979	2
107	15049126	5.016375	182.979	-158.847	0.738	0.726	0.751	0.768	4
108	15111711	5.037237	-158.236	175.953	0.781	0.780	0.782	0.989	9
109	15198632	5.066211	-148.766	171.676	0.682	0.784	0.579	0.987	2
110	15417736	5.139245	-164.651	184.201	0.732	0.754	0.711	0.988	8
111	15481097	5.160366	-73.008	86.449	0.860	0.862	0.857	0.994	4
112	15548679	5.182893	111.193	-109.054	0.631	0.481	0.781	0.971	2
113	15583598	5.194533	234.299	-214.748	0.758	0.785	0.731	0.975	2
114	15653552	5.217851	-158.236	180.230	0.776	0.823	0.729	0.992	7
115	15820142	5.273381	-91.337	-88.893	0.738	0.748	0.728	0.993	3
116	15894199	5.298066	-103.861	114.247	0.650	0.734	0.566	0.993	2
117	16116534	5.372178	-214.443	234.910	0.772	0.773	0.771	0.989	7
118	16146488	5.382163	166.483	-150.599	0.721	0.601	0.840	0.852	3
119	16233428	5.411143	-87.671	-80.340	0.676	0.811	0.541	0.989	2
120	16247642	5.415881	-105.694	110.887	0.879	0.907	0.852	0.973	8
121	16260059	5.420020	188.478	-164.040	0.685	0.640	0.730	0.981	6
122	16361247	5.453749	-49.792	-68.732	0.772	0.692	0.852	0.984	6
123	16473730	5.491243	-109.971	118.218	0.656	0.781	0.532	0.992	2
124	16475172	5.491724	235.826	-217.498	0.786	0.786	0.786	0.993	9
125	16499096	5.499699	226.967	-179.924	0.513	0.536	0.490	0.982	3
126	16542612	5.514204	-123.106	127.383	0.899	0.913	0.885	0.992	9
127	16659909	5.553303	154.875	-146.322	0.828	0.791	0.864	0.977	9
128	16684255	5.561418	-113.025	124.939	0.690	0.832	0.548	0.993	2
129	16864246	5.621415	-158.847	163.429	0.774	0.812	0.736	0.982	8
130	16870345	5.623448	-215.359	234.604	0.765	0.752	0.777	0.951	4
131	16917118	5.639039	-114.553	116.997	0.679	0.833	0.526	0.954	6
132	16940583	5.646861	100.501	-122.190	0.834	0.799	0.868	0.993	3
133	17033390	5.677797	-94.697	-89.809	0.729	0.753	0.705	0.969	5
134	17095249	5.698416	-167.094	173.509	0.798	0.790	0.806	0.992	9
135	17240612	5.746871	-122.190	126.161	0.818	0.842	0.795	0.989	9
136	17359765	5.786588	-97.141	-93.170	0.575	0.656	0.495	0.977	2
137	17487110	5.829037	126.772	-124.022	0.892	0.906	0.879	0.995	9
138	17640738	5.880246	-96.835	-95.308	0.582	0.611	0.552	0.988	2
139	17710785	5.903595	-172.593	182.063	0.797	0.821	0.774	0.986	7
140	17807415	5.935805	110.887	-109.054	0.831	0.821	0.841	0.991	9
141	17837845	5.945948	181.757	-157.014	0.664	0.573	0.755	0.987	2
142	17842754	5.947585	179.008	-166.789	0.793	0.760	0.826	0.995	10
143	17867157	5.955719	-164.956	177.480	0.591	0.574	0.607	0.992	4
144	17878936	5.959645	-109.054	116.997	0.610	0.753	0.468	0.919	2
145	18002799	6.000933	-175.037	189.699	0.614	0.586	0.641	0.990	9
146	18052423	6.017474	40.934	-27.493	0.841	0.800	0.882	0.994	7
147	18203728	6.067909	-161.290	182.979	0.635	0.678	0.591	0.984	8
148	18295164	6.098388	-81.867	88.587	0.824	0.899	0.749	0.987	8
149	18390725	6.130242	87.977	-82.173	0.809	0.789	0.829	0.988	2
150	18408303	6.136101	-111.193	115.775	0.700	0.822	0.577	0.993	3
151	18481286	6.160429	-103.861	112.720	0.638	0.687	0.588	0.985	3
152	18645910	6.215303	-116.997	126.772	0.867	0.896	0.838	0.994	9
153	18766639	6.255546	-102.639	7.637	0.638	0.727	0.549	0.988	3
154	18879261	6.293087	96.835	-114.247	0.824	0.784	0.863	0.991	9
155	18940252	6.313417	101.417	-108.443	0.781	0.716	0.847	0.990	7
156	19078346	6.359449	-148.460	176.259	0.543	0.647	0.439	0.989	2
157	19103639	6.367880	-109.665	123.106	0.733	0.814	0.652	0.980	3
158	19114213	6.371404	184.201	-153.348	0.692	0.656	0.727	0.989	8
159	19122748	6.374249	235.521	236.437	0.582	0.596	0.568	0.989	2
160	19165300	6.388433	180.535	-156.403	0.737	0.629	0.845	0.930	3
161	19167805	6.389268	-116.080	127.077	0.869	0.890	0.848	0.995	9
162	19260377	6.420126	234.299	-33.297	0.706	0.615	0.797	0.912	5
163	19310272	6.436757	-108.749	120.051	0.700	0.796	0.603	0.969	4
164	19394389	6.464796	-154.875	171.371	0.784	0.840	0.729	0.993	9
165	19531167	6.510389	-90.420	95.613	0.828	0.867	0.790	0.991	4
166	19629483	6.543161	-121.579	127.383	0.807	0.864	0.751	0.984	9
167	19632367	6.544122	-25.965	23.522	0.669	0.610	0.729	0.990	2
168	19637612	6.545871	87.977	-84.616	0.851	0.828	0.875	0.989	3
169	19647730	6.549243	-91.337	-84.616	0.697	0.754	0.639	0.908	2
170	19666063	6.555354	-155.486	165.567	0.835	0.841	0.830	0.993	9
171	19671157	6.557052	87.671	-117.913	0.855	0.857	0.853	0.993	9
172	19721968	6.573989	-90.115	83.700	0.915	0.917	0.913	0.989	6
173	19909145	6.636382	-227.273	231.549	0.659	0.575	0.743	0.988	7
174	20019581	6.673194	87.060	-91.031	0.781	0.771	0.792	0.989	5
175	20078883	6.692961	-165.261	182.979	0.716	0.793	0.640	0.986	2
176	20118550	6.706183	-119.746	116.386	0.915	0.930	0.900	0.990	9
177	20242379	6.747460	-142.045	130.132	0.869	0.887	0.851	0.995	9
178	20269635	6.756545	87.060	-88.587	0.849	0.816	0.883	0.990	6
179	20278482	6.759494	100.196	-97.446	0.826	0.801	0.852	0.990	3
180	20283653	6.761218	-157.319	179.313	0.655	0.738	0.573	0.987	2
181	20357945	6.785982	-152.737	166.483	0.811	0.821	0.800	0.989	9
182	20375437	6.791812	-160.985	184.812	0.748	0.805	0.690	0.994	7
183	20403528	6.801176	-214.748	233.993	0.780	0.765	0.796	0.965	4
184	20452865	6.817622	-175.648	184.812	0.698	0.698	0.698	0.990	10
185	20504815	6.834938	-100.806	92.559	0.849	0.885	0.812	0.979	3
186	20583823	6.861274	185.423	-161.901	0.757	0.719	0.795	0.982	6
187	20645267	6.881756	-147.239	164.345	0.796	0.827	0.764	0.982	9
188	20705047	6.901682	88.893	-148.460	0.739	0.760	0.719	0.756	2
189	20753322	6.917774	-155.486	173.815	0.686	0.763	0.609	0.991	9
190	20785494	6.928498	-157.319	167.094	0.789	0.792	0.786	0.991	9
191	20798250	6.932750	11.913	-94.697	0.545	0.409	0.680	0.992	2
192	20812006	6.937335	-160.068	176.870	0.594	0.661	0.527	0.992	3
193	20836052	6.945351	134.103	-112.109	0.850	0.831	0.870	0.993	10
194	20893066	6.964355	-149.682	84.616	0.718	0.661	0.776	0.963	5
195	20946534	6.982178	-96.835	-95.308	0.713	0.736	0.691	0.988	2
196	20949126	6.983042	106.000	-107.221	0.856	0.850	0.862	0.994	8
197	20984192	6.994731	179.924	-156.097	0.740	0.664	0.816	0.946	6
198	21000967	7.000322	-92.253	-89.198	0.692	0.712	0.672	0.980	3
199	21046857	7.015619	-22.911	31.464	0.725	0.675	0.775	0.983	3
200	21121121	7.040374	105.694	-103.861	0.853	0.842	0.863	0.984	9
201	21176344	7.058781	-150.293	169.538	0.655	0.760	0.549	0.990	6
202	21182672	7.060891	-107.832	82.478	0.918	0.915	0.920	0.993	9
203	21188496	7.062832	-212.610	228.800	0.684	0.719	0.649	0.993	9
204	21219838	7.073279	-156.708	183.895	0.695	0.781	0.609	0.992	5
205	21226105	7.075368	84.616	-153.653	0.760	0.759	0.761	0.892	5
206	21264823	7.088274	112.414	-104.472	0.687	0.548	0.825	0.991	5
207	21362415	7.120805	-83.089	85.227	0.829	0.856	0.801	0.993	5
208	21379441	7.126480	85.838	-110.276	0.848	0.866	0.831	0.986	2
209	21502109	7.167370	-88.282	-84.005	0.703	0.732	0.674	0.983	2
210	21529787	7.176596	-162.207	175.342	0.762	0.740	0.785	0.991	7
211	21699117	7.233039	116.080	-116.080	0.784	0.708	0.860	0.990	5
212	21717222	7.239074	-105.389	111.498	0.691	0.767	0.615	0.989	6
213	21730502	7.243501	-117.302	127.383	0.738	0.852	0.625	0.991	3
214	21733383	7.244461	85.227	-109.665	0.822	0.848	0.796	0.988	5
215	21854681	7.284894	-95.308	-90.115	0.767	0.797	0.738	0.989	5
216	21967254	7.322418	86.144	-83.394	0.868	0.869	0.866	0.992	3
217	21973620	7.324540	87.366	-92.864	0.855	0.865	0.846	0.993	5
218	22014870	7.338290	184.201	-161.596	0.740	0.749	0.731	0.978	7
219	22019331	7.339777	86.755	-147.544	0.771	0.780	0.762	0.990	5
220	22102457	7.367486	-29.326	37.879	0.745	0.688	0.802	0.989	3
221	22146566	7.382189	-45.210	24.438	0.883	0.902	0.863	0.967	9
222	22325218	7.441739	85.227	-169.538	0.646	0.750	0.542	0.820	2
223	22400384	7.466795	-121.273	137.769	0.804	0.875	0.733	0.871	6
224	22441696	7.480565	-98.057	-92.559	0.598	0.740	0.456	0.990	3
225	22504369	7.501456	-111.804	117.913	0.700	0.831	0.569	0.993	2
226	22508282	7.502761	-87.366	-80.951	0.734	0.853	0.615	0.782	3
227	22682532	7.560844	-166.178	228.800	0.666	0.731	0.601	0.988	8
228	22702694	7.567565	106.000	-114.247	0.893	0.885	0.900	0.992	9
229	22764581	7.588194	-108.443	106.000	0.781	0.861	0.701	0.990	8
230	22848736	7.616245	-122.495	139.907	0.767	0.861	0.673	0.961	9
231	22938722	7.646241	-98.974	-95.613	0.690	0.730	0.650	0.987	2
232	23005564	7.668521	-94.086	-89.198	0.764	0.778	0.750	0.985	8
233	23027343	7.675781	-96.835	-89.198	0.669	0.720	0.617	0.988	3
234	23045321	7.681774	177.480	-154.264	0.578	0.562	0.593	0.982	3
235	23065996	7.688665	-214.748	233.993	0.832	0.823	0.842	0.957	5
236	23086992	7.695664	168.927	-157.930	0.820	0.822	0.819	0.969	9
237	23247583	7.749194	-118.218	119.440	0.894	0.921	0.866	0.992	9
238	23251038	7.750346	-113.025	118.829	0.742	0.868	0.615	0.992	3
239	23282152	7.760717	-95.613	-90.420	0.734	0.774	0.695	0.971	3
240	23334411	7.778137	-215.665	233.993	0.758	0.746	0.771	0.976	4
241	23346386	7.782129	-215.054	233.993	0.777	0.755	0.799	0.988	4
242	23360880	7.786960	-90.420	-79.118	0.806	0.867	0.746	0.944	2
243	23381115	7.793705	-95.308	83.700	0.884	0.893	0.874	0.993	5
244	23393943	7.797981	-148.460	177.175	0.719	0.792	0.646	0.985	8
245	23496693	7.832231	-49.487	-70.259	0.696	0.582	0.809	0.974	4
246	23523452	7.841151	-131.659	106.305	0.739	0.872	0.606	0.989	3
247	23528008	7.842669	-96.224	93.475	0.883	0.903	0.863	0.967	6
248	23563302	7.854434	-98.668	3.055	0.737	0.827	0.647	0.987	2
249	23567924	7.855975	108.749	-99.890	0.724	0.658	0.789	0.994	2
250	23599325	7.866442	4.888	-43.377	0.823	0.763	0.884	0.994	5
251	23657252	7.885751	125.550	-132.881	0.771	0.689	0.852	0.989	6
252	23723935	7.907978	-80.340	39.406	0.899	0.933	0.865	0.995	8
253	23750335	7.916778	-104.778	80.645	0.911	0.917	0.906	0.993	7
254	23765696	7.921899	-163.429	167.705	0.850	0.852	0.848	0.995	9
255	23777367	7.925789	236.131	-226.051	0.659	0.775	0.544	0.801	10
256	23959805	7.986602	-47.959	10.386	0.909	0.932	0.886	0.996	5
257	23968056	7.989352	-74.841	101.417	0.636	0.774	0.499	0.993	2
258	23970479	7.990160	-157.625	182.674	0.693	0.721	0.664	0.941	5
259	23981769	7.993923	-149.988	144.795	0.704	0.819	0.590	0.970	7
260	23994591	7.998197	-114.553	121.884	0.722	0.840	0.603	0.994	3
261	24014064	8.004688	-148.460	169.233	0.754	0.814	0.695	0.975	9
262	24122836	8.040945	186.034	-165.261	0.612	0.626	0.597	0.987	3
263	24174835	8.058278	-156.403	182.979	0.698	0.713	0.683	0.990	5
264	24182009	8.060670	-172.593	184.201	0.600	0.591	0.608	0.989	2
265	24245440	8.081813	-71.175	-64.455	0.653	0.862	0.443	0.986	2
266	24267448	8.089149	-156.403	182.063	0.568	0.440	0.697	0.989	3
267	24277142	8.092381	-159.152	183.590	0.706	0.707	0.704	0.994	7
268	24293627	8.097876	-76.369	29.631	0.905	0.933	0.876	0.992	3
269	24316421	8.105474	-66.899	38.184	0.833	0.902	0.764	0.988	4
270	24328923	8.109641	-104.472	86.144	0.914	0.924	0.904	0.991	6
271	24354060	8.118020	169.233	-149.377	0.790	0.744	0.837	0.986	6
272	24392653	8.130884	-109.971	117.302	0.795	0.861	0.729	0.983	9
273	24418787	8.139596	-84.311	81.256	0.906	0.900	0.911	0.993	2
274	24422554	8.140851	-98.363	104.167	0.701	0.804	0.599	0.987	8
275	24493494	8.164498	-73.925	95.002	0.752	0.850	0.654	0.992	2
276	24603500	8.201167	-46.738	18.328	0.664	0.709	0.619	0.995	4
277	24668517	8.222839	166.483	-121.579	0.707	0.568	0.846	0.990	5
278	24706230	8.235410	-58.040	16.801	0.808	0.893	0.724	0.984	2
279	24721729	8.240576	-0.611	-47.043	0.875	0.817	0.934	0.994	10
280	24752596	8.250865	179.619	-161.290	0.791	0.806	0.775	0.950	9
281	24788110	8.262703	38.184	-47.654	0.866	0.844	0.888	0.995	6
282	24791764	8.263921	-214.748	233.382	0.790	0.793	0.787	0.842	4
283	24799827	8.266609	121.884	-115.164	0.888	0.879	0.896	0.995	10
284	24820822	8.273607	118.218	-112.720	0.788	0.706	0.870	0.993	9
285	24827679	8.275893	-116.080	124.022	0.874	0.890	0.858	0.993	9
286	24917380	8.305793	-129.216	130.437	0.759	0.805	0.712	0.988	7
287	24921360	8.307120	-159.457	161.596	0.821	0.832	0.811	0.994	9
288	24969593	8.323198	121.579	-113.025	0.862	0.842	0.882	0.992	8
289	25001355	8.333785	-91.948	69.343	0.921	0.944	0.898	0.995	5
290	25042163	8.347388	-160.374	180.841	0.745	0.771	0.719	0.995	8
291	25076440	8.358813	100.806	-113.942	0.850	0.840	0.860	0.977	2
292	25090470	8.363490	125.855	-118.524	0.751	0.654	0.849	0.991	8
293	25093770	8.364590	-209.861	-205.890	0.478	0.528	0.429	0.918	2
294	25121723	8.373908	-152.126	179.313	0.598	0.771	0.425	0.990	4
295	25154063	8.384688	-115.164	113.942	0.676	0.846	0.505	0.988	6
296	25156491	8.385497	-95.613	-91.031	0.708	0.729	0.687	0.959	5
297	25186155	8.395385	-35.435	-62.622	0.863	0.880	0.846	0.941	9
298	25188984	8.396328	-109.360	120.357	0.652	0.775	0.529	0.993	3
299	25220599	8.406866	-132.270	140.824	0.733	0.748	0.718	0.948	7
300	25224595	8.408198	-90.420	-87.060	0.792	0.815	0.769	0.783	2
301	25227054	8.409018	-106.305	107.221	0.623	0.728	0.518	0.994	6
302	25313835	8.437945	101.112	-123.106	0.839	0.801	0.877	0.975	6
303	25319829	8.439943	-51.625	-44.294	0.734	0.758	0.710	0.993	7
304	25532345	8.510782	87.671	-111.804	0.898	0.899	0.896	0.992	7
305	25563660	8.521220	-91.642	-79.729	0.668	0.841	0.494	0.980	2
306	25563920	8.521307	-148.155	179.313	0.646	0.717	0.576	0.966	4
307	25587134	8.529045	61.400	-69.954	0.841	0.795	0.887	0.990	2
308	25632673	8.544224	-148.460	161.901	0.827	0.832	0.823	0.993	9
309	25641227	8.547076	-200.086	181.757	0.800	0.792	0.809	0.994	10
310	25651951	8.550650	92.253	-110.276	0.663	0.676	0.651	0.948	3
311	25728875	8.576292	-46.738	-20.467	0.802	0.792	0.812	0.992	3
312	25730070	8.576690	-167.094	168.316	0.647	0.615	0.679	0.993	5
313	25762220	8.587407	126.772	-117.608	0.793	0.720	0.866	0.993	5
314	25765348	8.588449	-156.708	173.815	0.759	0.814	0.705	0.973	7
315	25782542	8.594181	-146.933	172.593	0.787	0.808	0.765	0.984	9
316	25817135	8.605712	-88.282	-79.729	0.760	0.826	0.693	0.992	2
317	25842208	8.614069	-163.734	178.702	0.634	0.577	0.691	0.993	5
318	25855491	8.618497	-114.553	125.855	0.766	0.832	0.700	0.991	7
319	25882308	8.627436	-38.184	-57.124	0.903	0.914	0.891	0.988	9
320	25908747	8.636249	-149.988	175.953	0.730	0.811	0.649	0.982	5
321	25959537	8.653179	-95.002	93.781	0.736	0.878	0.594	0.992	3
322	25983249	8.661083	92.559	-94.697	0.816	0.820	0.812	0.990	3
323	26022383	8.674128	88.282	-132.576	0.839	0.851	0.827	0.936	9
324	26033720	8.677907	85.838	-87.060	0.792	0.847	0.737	0.965	2
325	26085568	8.695189	-35.130	-67.204	0.864	0.850	0.879	0.982	7
326	26089901	8.696634	-60.178	-68.732	0.636	0.483	0.789	0.983	2
327	26126650	8.708883	-25.354	24.743	0.804	0.779	0.829	0.992	5
328	26136034	8.712011	-214.748	234.299	0.805	0.815	0.795	0.982	5
329	26190460	8.730153	-113.636	126.772	0.762	0.849	0.674	0.988	8
330	26210590	8.736863	97.141	-110.582	0.823	0.799	0.846	0.995	9
331	26257963	8.752654	-73.008	30.853	0.844	0.894	0.793	0.993	2
332	26266319	8.755440	-150.599	160.068	0.816	0.838	0.795	0.994	7
333	26293418	8.764473	-157.930	175.648	0.796	0.792	0.799	0.987	5
334	26331838	8.777279	-95.613	-89.504	0.666	0.711	0.621	0.980	3
335	26345854	8.781951	85.838	-99.279	0.853	0.885	0.820	0.996	2
336	26353702	8.784567	-66.593	21.994	0.927	0.941	0.913	0.901	7
337	26369346	8.789782	-34.519	-61.706	0.907	0.913	0.900	0.995	9
338	26381345	8.793782	179.619	-157.014	0.736	0.684	0.788	0.991	3
339	26391106	8.797035	-25.660	33.297	0.770	0.736	0.805	0.989	4
340	26430704	8.810235	-157.319	176.259	0.762	0.787	0.738	0.985	8
341	26440103	8.813368	41.544	-26.271	0.705	0.604	0.807	0.980	3
342	26445907	8.815302	-121.884	126.161	0.882	0.888	0.875	0.986	9
343	26458133	8.819378	-104.167	80.951	0.918	0.917	0.918	0.991	8
344	26464458	8.821486	116.080	-113.025	0.756	0.666	0.847	0.983	5
345	26485747	8.828582	175.648	-148.766	0.597	0.434	0.760	0.983	2
346	26502513	8.834171	-34.519	-60.178	0.797	0.850	0.745	0.993	6
347	26516739	8.838913	182.979	-153.653	0.644	0.601	0.687	0.968	6
348	26528466	8.842822	-162.512	184.506	0.678	0.716	0.639	0.989	8
349	26547180	8.849060	171.676	-153.348	0.848	0.855	0.841	0.992	9
350	26579708	8.859903	-96.835	-85.227	0.731	0.806	0.657	0.987	7
351	26646290	8.882097	40.628	-26.576	0.775	0.687	0.864	0.979	2
352	26653929	8.884643	87.671	-87.060	0.807	0.785	0.830	0.993	5
353	26673086	8.891029	-170.760	190.616	0.723	0.777	0.669	0.992	8
354	26697426	8.899142	-85.838	-77.285	0.813	0.870	0.756	0.945	3
355	26709623	8.903208	137.158	-135.630	0.875	0.860	0.891	0.992	9
356	26724348	8.908116	-113.331	120.968	0.716	0.851	0.581	0.991	4
357	26725602	8.908534	-93.781	-80.951	0.733	0.875	0.592	0.988	4
358	26744638	8.914879	99.279	-94.086	0.688	0.564	0.812	0.951	2
359	26750753	8.916918	166.178	-164.651	0.812	0.839	0.785	0.991	8
360	26764970	8.921657	-157.930	177.175	0.688	0.723	0.652	0.991	4
361	26804022	8.934674	-162.512	180.230	0.685	0.751	0.620	0.994	8
362	26810120	8.936707	-104.778	96.835	0.854	0.891	0.816	0.990	6
363	26829913	8.943304	84.005	-80.034	0.854	0.861	0.848	0.988	2
364	26844406	8.948135	129.826	-119.135	0.815	0.778	0.852	0.983	3
365	26859170	8.953057	-173.509	177.175	0.477	0.535	0.418	0.993	2
366	26880215	8.960072	-36.962	-66.288	0.813	0.782	0.844	0.983	5
367	26882492	8.960831	126.161	-131.965	0.861	0.843	0.879	0.990	9
368	26884354	8.961451	-204.973	176.259	0.622	0.601	0.643	0.993	4
369	26892678	8.964226	-113.331	117.913	0.744	0.864	0.624	0.990	9
370	26922378	8.974126	38.184	-47.959	0.800	0.806	0.794	0.977	2
371	26953404	8.984468	-36.962	42.155	0.674	0.696	0.651	0.993	5
372	26972511	8.990837	-77.896	50.403	0.938	0.951	0.925	0.993	9
373	27017020	9.005673	-103.861	109.360	0.674	0.801	0.546	0.985	3
374	27062843	9.020948	-38.795	-67.204	0.800	0.727	0.873	0.982	6
375	27095264	9.031755	-60.178	-69.648	0.754	0.671	0.836	0.992	7
376	27158186	9.052729	-49.181	-68.732	0.788	0.732	0.844	0.945	2
377	27205918	9.068639	-106.000	84.311	0.901	0.915	0.887	0.992	6
378	27217379	9.072460	-115.164	111.193	0.892	0.912	0.873	0.991	8
379	27295726	9.098575	131.048	-135.630	0.871	0.851	0.891	0.992	9
380	27302957	9.100986	116.997	-120.051	0.815	0.758	0.871	0.989	8
381	27316536	9.105512	103.861	-105.083	0.773	0.698	0.849	0.985	9
382	27330594	9.110198	125.855	-118.524	0.895	0.901	0.889	0.996	9
383	27344313	9.114771	-137.463	156.708	0.674	0.827	0.521	0.994	6
384	27395867	9.131956	-214.748	230.022	0.732	0.754	0.710	0.971	2
385	27395867	9.131956	-211.999	-209.250	0.598	0.601	0.594	0.959	3
386	27407509	9.135836	129.216	-120.662	0.720	0.573	0.866	0.984	3
387	27454697	9.151566	88.893	-147.849	0.781	0.775	0.788	0.987	6
388	27501217	9.167072	-163.429	176.564	0.768	0.770	0.767	0.992	5
389	27515862	9.171954	105.694	-98.057	0.813	0.805	0.822	0.985	8
390	27552862	9.184287	-91.948	97.752	0.828	0.866	0.789	0.988	10
391	27587463	9.195821	-34.519	-66.899	0.799	0.775	0.823	0.990	8
392	27589428	9.196476	106.000	-115.164	0.782	0.715	0.850	0.992	3
393	27592395	9.197465	-174.426	185.728	0.767	0.810	0.725	0.986	9
394	27613721	9.204574	-97.752	-95.002	0.679	0.711	0.648	0.975	2
395	27616263	9.205421	-34.824	-42.461	0.878	0.906	0.850	0.968	3
396	27618846	9.206282	41.544	-25.965	0.647	0.488	0.806	0.985	2
397	27628324	9.209441	-131.659	107.832	0.667	0.866	0.467	0.986	2
398	27632062	9.210687	-109.971	109.971	0.864	0.911	0.816	0.994	8
399	27645493	9.215164	81.562	-74.536	0.869	0.866	0.872	0.992	2
400	27668373	9.222791	-81.562	-76.674	0.742	0.864	0.620	0.982	3
401	27682431	9.227477	-51.625	-57.124	0.695	0.628	0.761	0.989	6
402	27724953	9.241651	-40.017	-59.567	0.854	0.870	0.838	0.986	6
403	27733087	9.244362	-46.127	-68.426	0.707	0.625	0.790	0.957	4
404	27777853	9.259284	-109.360	118.524	0.652	0.814	0.491	0.745	3
405	27783918	9.261306	-88.893	-81.562	0.750	0.831	0.669	0.989	2
406	27786393	9.262131	118.829	-120.051	0.702	0.589	0.816	0.990	2
407	27796596	9.265532	-165.261	171.065	0.721	0.727	0.714	0.988	7
408	27801055	9.267018	-101.417	86.449	0.780	0.888	0.673	0.992	2
409	27832020	9.277340	-156.097	167.705	0.641	0.745	0.537	0.994	3
410	27843612	9.281204	-46.127	-58.651	0.734	0.659	0.809	0.980	3
411	27889820	9.296607	-36.046	-65.677	0.795	0.801	0.788	0.980	6
412	27910112	9.303371	91.948	-85.838	0.799	0.753	0.845	0.985	5
413	28008190	9.336063	-95.919	105.083	0.839	0.889	0.789	0.985	7
414	28048357	9.349452	84.616	-74.841	0.874	0.864	0.883	0.988	2
415	28051851	9.350617	-154.875	131.354	0.918	0.924	0.911	0.991	10
416	28059915	9.353305	-33.602	-65.371	0.886	0.873	0.900	0.992	9
417	28076911	9.358970	-153.653	183.895	0.727	0.793	0.662	0.987	8
418	28083510	9.361170	-69.648	-64.150	0.694	0.857	0.531	0.994	2
419	28096809	9.365603	111.193	-107.832	0.814	0.798	0.831	0.992	7
420	28109485	9.369828	233.382	-214.137	0.751	0.748	0.754	0.993	4
421	28110029	9.370010	235.521	-213.526	0.696	0.768	0.624	0.892	4
422	28125106	9.375035	-65.066	-65.066	0.646	0.607	0.685	0.978	4
423	28128333	9.376111	-113.331	121.579	0.882	0.889	0.874	0.981	2
424	28135491	9.378497	113.636	-109.054	0.733	0.652	0.814	0.975	5
425	28152698	9.384233	-155.486	177.480	0.641	0.668	0.614	0.991	8
426	28190644	9.396881	-110.887	121.884	0.728	0.826	0.631	0.995	8
427	28210356	9.403452	-116.386	119.746	0.869	0.895	0.844	0.986	10
428	28231172	9.410391	-110.887	111.498	0.783	0.863	0.704	0.981	8
429	28245434	9.415145	124.633	-113.942	0.812	0.750	0.873	0.991	7
430	28247411	9.415804	-88.893	-84.005	0.766	0.810	0.721	0.989	2
431	28248898	9.416299	34.824	-25.660	0.840	0.830	0.850	0.994	8
432	28255495	9.418498	-58.346	-68.732	0.648	0.502	0.794	0.988	2
433	28288207	9.429402	40.628	-45.516	0.668	0.552	0.784	0.966	2
434	28295859	9.431953	86.449	-85.838	0.881	0.890	0.872	0.986	4
435	28305303	9.435101	-155.486	169.538	0.698	0.771	0.624	0.988	5
436	28320266	9.440089	-66.899	-61.706	0.665	0.780	0.549	0.988	2
437	28333413	9.444471	19.550	-21.383	0.851	0.844	0.858	0.996	7
438	28342056	9.447352	-116.691	103.861	0.881	0.922	0.840	0.970	9
439	28359023	9.453008	182.063	-157.930	0.726	0.677	0.775	0.989	2
440	28367270	9.455757	125.855	-118.524	0.751	0.654	0.849	0.991	8
441	28370570	9.456857	-209.861	-205.890	0.478	0.528	0.429	0.918	2
442	28398523	9.466174	-152.126	179.313	0.598	0.771	0.425	0.990	4
443	28430863	9.476954	-115.164	113.942	0.676	0.846	0.505	0.988	6
444	28433291	9.477764	-95.613	-91.031	0.708	0.729	0.687	0.959	5
445	28462955	9.487652	-35.435	-62.622	0.863	0.880	0.846	0.941	9
446	28465784	9.488595	-109.360	120.357	0.652	0.775	0.529	0.993	3
447	28497399	9.499133	-132.270	140.824	0.733	0.748	0.718	0.948	7
448	28501395	9.500465	-90.420	-87.060	0.792	0.815	0.769	0.783	2
449	28503854	9.501285	-106.305	107.221	0.623	0.728	0.518	0.994	6
450	28590635	9.530212	101.112	-123.106	0.839	0.801	0.877	0.975	6
451	28602000	9.534000	6.415	-32.991	0.855	0.849	0.861	0.994	9
452	28614851	9.538284	-33.602	-65.982	0.787	0.727	0.847	0.988	3
453	28627733	9.542578	-34.824	-61.400	0.851	0.864	0.838	0.981	8
454	28679098	9.559699	-33.908	-61.095	0.831	0.821	0.841	0.991	5
455	28687664	9.562555	-29.631	-60.178	0.599	0.684	0.514	0.945	2
456	28690863	9.563621	-80.951	-71.786	0.742	0.843	0.640	0.990	2
457	28709648	9.569883	-61.400	-68.426	0.694	0.547	0.841	0.978	3
458	28717593	9.572531	27.187	-17.717	0.862	0.863	0.861	0.991	3
459	28722594	9.574198	91.031	-99.585	0.832	0.839	0.825	0.964	4
460	28728300	9.576100	-35.130	-50.403	0.743	0.702	0.784	0.986	4
461	28752505	9.584168	-160.068	178.702	0.651	0.591	0.711	0.982	4
462	28761115	9.587038	-52.236	-69.343	0.714	0.578	0.850	0.989	2
463	28765360	9.588453	235.826	-29.020	0.668	0.479	0.857	0.935	4
464	28781217	9.593739	-34.213	-68.121	0.807	0.711	0.904	0.990	5
465	28798819	9.599606	-47.043	-66.899	0.857	0.835	0.879	0.993	3
466	28803343	9.601114	-67.815	-71.481	0.628	0.406	0.850	0.990	2
467	28806145	9.602048	-57.735	-70.870	0.816	0.751	0.880	0.914	3
468	28812284	9.604095	-77.285	-72.703	0.670	0.801	0.539	0.989	2
469	28817278	9.605759	109.360	-102.028	0.821	0.842	0.800	0.984	5
470	28818051	9.606017	-36.046	-65.066	0.851	0.833	0.870	0.995	8
471	28829234	9.609745	-162.207	179.313	0.545	0.581	0.509	0.991	5
472	28843532	9.614511	42.155	-20.467	0.790	0.754	0.826	0.960	3
473	28881625	9.627208	-80.951	39.101	0.930	0.936	0.925	0.993	9
474	28888719	9.629573	42.461	-23.522	0.647	0.449	0.845	0.969	3
475	28904585	9.634862	81.562	-80.340	0.907	0.906	0.909	0.993	8
476	28914205	9.638068	127.688	-127.688	0.787	0.775	0.798	0.909	6
477	28919934	9.639978	-4.582	-35.130	0.873	0.890	0.855	0.992	8
478	28927804	9.642601	38.795	-20.467	0.782	0.712	0.852	0.990	4
479	28932056	9.644019	124.328	-119.746	0.908	0.919	0.898	0.995	10
480	28944707	9.648236	182.063	-168.622	0.709	0.694	0.725	0.990	6
481	28959254	9.653085	-31.769	-72.703	0.771	0.767	0.775	0.991	6
482	28967934	9.655978	-130.743	121.579	0.888	0.892	0.884	0.977	10
483	28971721	9.657240	-36.962	-59.262	0.854	0.859	0.849	0.990	8
484	28996112	9.665371	-38.184	-36.962	0.806	0.810	0.801	0.992	5
485	29002329	9.667443	128.605	-138.074	0.870	0.883	0.857	0.993	8
486	29018835	9.672945	92.559	-115.775	0.837	0.809	0.865	0.991	3
487	29024922	9.674974	-158.847	174.426	0.652	0.716	0.588	0.993	7
488	29026165	9.675388	9.775	-69.954	0.798	0.762	0.833	0.960	3
489	29030223	9.676741	-45.821	-66.899	0.625	0.436	0.814	0.978	3
490	29032934	9.677645	126.161	-115.164	0.855	0.811	0.900	0.993	9
491	29078526	9.692842	-16.190	-15.274	0.843	0.849	0.837	0.985	7
492	29102428	9.700809	100.196	-110.887	0.929	0.923	0.936	0.991	9
493	29116079	9.705360	-11.608	-63.844	0.596	0.418	0.773	0.995	2
494	29118355	9.706118	-11.913	-66.593	0.804	0.705	0.903	0.934	6
495	29124247	9.708082	-10.386	-46.432	0.687	0.537	0.837	0.993	2
496	29136181	9.712060	93.781	-108.138	0.885	0.872	0.898	0.993	8
497	29138034	9.712678	-10.997	-47.348	0.825	0.714	0.936	0.988	8
498	29142306	9.714102	90.420	-135.936	0.853	0.845	0.862	0.957	2
499	29147283	9.715761	111.804	-95.613	0.823	0.815	0.832	0.988	5
500	29156612	9.718871	-38.184	-65.066	0.880	0.891	0.870	0.991	8
501	29167157	9.722386	-36.351	-58.346	0.756	0.719	0.793	0.990	2
502	29177626	9.725875	-108.749	114.553	0.751	0.856	0.647	0.994	3
503	29184166	9.728055	-33.908	-67.510	0.773	0.691	0.855	0.987	4
504	29204406	9.734802	-160.374	174.120	0.706	0.756	0.655	0.991	4
505	29212579	9.737526	-15.579	-42.461	0.844	0.823	0.865	0.966	3
506	29217931	9.739310	142.656	-130.132	0.822	0.781	0.863	0.994	5
507	29222622	9.740874	-0.916	-45.516	0.861	0.832	0.890	0.990	3
508	29237647	9.745882	185.117	-158.236	0.728	0.709	0.747	0.960	5
509	29243081	9.747694	98.057	-104.167	0.909	0.920	0.898	0.992	9
510	29251962	9.750654	85.533	-83.700	0.818	0.891	0.746	0.991	2
511	29257199	9.752400	123.717	-116.997	0.905	0.915	0.894	0.994	9
512	29273499	9.757833	127.994	-123.412	0.880	0.879	0.881	0.955	2
513	29286351	9.762117	-185.728	183.895	0.545	0.403	0.687	0.992	2
514	29295130	9.765043	135.020	-130.132	0.884	0.870	0.897	0.995	9
515	29308573	9.769524	98.668	-110.276	0.804	0.770	0.837	0.989	3
516	29313305	9.771102	-132.270	121.884	0.694	0.875	0.512	0.980	2
517	29319252	9.773084	-72.397	-66.288	0.588	0.702	0.473	0.965	2
518	29334863	9.778288	-36.351	-62.928	0.878	0.872	0.884	0.966	2
519	29334863	9.778288	-33.602	-64.761	0.883	0.849	0.916	0.983	3
520	29334858	9.778286	-39.712	-60.178	0.885	0.876	0.894	0.958	2
521	29337100	9.779033	-115.469	102.639	0.775	0.832	0.718	0.994	2
522	29340942	9.780314	106.305	-149.377	0.727	0.611	0.844	0.985	5
523	29363728	9.787909	-63.233	-70.565	0.677	0.527	0.827	0.987	3
524	29377450	9.792483	-63.844	-70.259	0.802	0.738	0.867	0.990	6
525	29380265	9.793422	107.527	-77.285	0.672	0.538	0.805	0.992	2
526	29381658	9.793886	131.048	-144.489	0.832	0.789	0.875	0.990	8
527	29386042	9.795347	98.974	-120.051	0.911	0.915	0.906	0.995	9
528	29403396	9.801132	118.829	-118.829	0.926	0.929	0.923	0.995	9
529	29456967	9.818989	-62.622	-71.786	0.745	0.655	0.834	0.911	4
530	29523778	9.841259	106.916	-111.804	0.854	0.860	0.849	0.994	8
531	29555370	9.851790	106.916	-112.109	0.862	0.845	0.879	0.991	2
532	29598242	9.866081	-45.210	-67.510	0.668	0.496	0.840	0.953	2
533	29615282	9.871761	92.864	-71.481	0.837	0.788	0.887	0.981	3
534	29741469	9.913823	-36.046	-65.066	0.834	0.788	0.880	0.990	5
535	29745537	9.915179	107.832	-109.971	0.677	0.508	0.846	0.983	2
536	29803121	9.934374	-64.150	-69.954	0.796	0.748	0.845	0.977	2
537	29808969	9.936323	-37.573	-55.291	0.795	0.814	0.776	0.993	4
538	29949942	9.983314	-215.665	-215.970	0.463	0.479	0.447	0.974	2
539	29962769	9.987590	-74.841	-68.121	0.807	0.900	0.714	0.991	6
540	29990621	9.996874	231.855	-225.134	0.583	0.677	0.489	0.985	3
