EventID	ArrivalGlobalIdx	ArrivalTime_s	X_mm	Y_mm	LocateConf	MaxX	MaxY	DetectConf	HitCount
1	214107	0.071369	-164.651	184.506	0.703	0.724	0.681	0.983	4
2	366939	0.122313	-154.264	176.870	0.557	0.681	0.433	0.976	3
3	547915	0.182638	232.466	-216.276	0.616	0.709	0.523	0.968	9
4	1255301	0.418434	-162.512	184.201	0.503	0.441	0.565	0.992	2
5	1753403	0.584468	-84.616	34.824	0.843	0.902	0.785	0.995	3
6	1959522	0.653174	-117.302	127.688	0.818	0.873	0.762	0.994	10
7	2034776	0.678259	-120.357	128.299	0.863	0.886	0.839	0.989	9
8	2794089	0.931363	-105.389	91.642	0.890	0.898	0.883	0.992	7
9	2968161	0.989387	236.131	-222.691	0.706	0.797	0.616	0.968	9
10	3085211	1.028404	-161.596	175.648	0.686	0.699	0.673	0.991	5
11	3698174	1.232725	182.368	-157.319	0.720	0.712	0.728	0.958	3
12	3935102	1.311701	-97.141	-91.337	0.649	0.707	0.590	0.985	2
13	4045594	1.348531	182.979	-166.789	0.761	0.734	0.788	0.960	2
14	4310711	1.436904	120.357	-110.582	0.882	0.885	0.880	0.996	9
15	4669797	1.556599	-71.481	-67.815	0.764	0.850	0.679	0.991	6
16	4874515	1.624838	-156.708	176.564	0.762	0.792	0.733	0.993	3
17	4968310	1.656103	181.757	-150.293	0.700	0.639	0.760	0.835	6
18	5047422	1.682474	-33.908	-65.677	0.644	0.611	0.678	0.917	2
19	5065303	1.688434	39.712	-68.426	0.923	0.915	0.931	0.996	9
20	5356414	1.785471	-151.210	168.316	0.786	0.811	0.761	0.992	9
21	5392895	1.797632	-66.593	-65.066	0.592	0.591	0.593	0.974	2
22	5591254	1.863751	-113.636	124.022	0.835	0.877	0.794	0.994	9
23	5616585	1.872195	-214.137	230.938	0.573	0.638	0.508	0.977	2
24	5616584	1.872195	-214.137	-206.195	0.612	0.687	0.537	0.977	6
25	5674916	1.891639	-212.915	220.858	0.582	0.628	0.535	0.963	8
26	5799357	1.933119	166.483	-154.875	0.796	0.778	0.813	0.978	8
27	5804266	1.934755	167.094	-148.766	0.783	0.746	0.819	0.953	6
28	5835495	1.945165	84.311	-78.812	0.773	0.735	0.811	0.991	2
29	5874763	1.958254	-214.443	234.299	0.762	0.789	0.735	0.748	5
30	5923932	1.974644	182.979	-154.264	0.681	0.605	0.757	0.963	3
31	5969441	1.989814	-194.892	209.250	0.502	0.538	0.467	0.993	3
32	6080979	2.026993	2.749	-66.899	0.762	0.622	0.902	0.979	5
33	6311712	2.103904	-141.740	170.149	0.824	0.847	0.802	0.992	9
34	6367896	2.122632	-147.849	169.844	0.656	0.764	0.547	0.974	5
35	6435519	2.145173	124.022	-124.939	0.900	0.902	0.898	0.992	9
36	6468289	2.156096	-109.971	118.218	0.627	0.751	0.504	0.989	2
37	6475083	2.158361	91.337	-109.665	0.851	0.854	0.848	0.992	8
38	6497742	2.165914	-174.731	184.201	0.611	0.611	0.610	0.992	5
39	6846264	2.282088	112.109	-109.360	0.865	0.849	0.882	0.992	5
40	6846261	2.282087	-103.556	-105.694	0.574	0.485	0.663	0.991	2
41	6885508	2.295169	40.323	-48.570	0.688	0.652	0.724	0.994	2
42	7042683	2.347561	-97.141	-92.864	0.651	0.698	0.604	0.989	2
43	7258423	2.419474	-156.708	176.870	0.733	0.800	0.665	0.990	6
44	7435638	2.478546	-156.708	179.619	0.687	0.776	0.598	0.978	7
45	7506792	2.502264	-152.126	119.746	0.708	0.811	0.606	0.994	2
46	7540482	2.513494	124.022	-120.051	0.895	0.893	0.898	0.993	9
47	7567571	2.522524	-147.544	167.094	0.816	0.828	0.804	0.989	9
48	7689427	2.563142	170.455	-145.711	0.834	0.812	0.857	0.990	9
49	8080568	2.693523	-168.622	184.506	0.652	0.683	0.622	0.964	2
50	8304055	2.768018	-66.288	-63.539	0.693	0.751	0.634	0.994	3
51	8447930	2.815977	84.922	-82.173	0.889	0.888	0.891	0.993	6
52	8680472	2.893491	182.674	-162.207	0.754	0.767	0.742	0.961	5
53	8700637	2.900212	-213.832	233.993	0.736	0.718	0.755	0.931	3
54	8898070	2.966023	-97.141	-93.170	0.617	0.729	0.505	0.983	2
55	8981076	2.993692	86.144	-87.671	0.820	0.801	0.838	0.991	3
56	9112766	3.037589	234.910	-216.581	0.636	0.709	0.562	0.824	3
57	9198699	3.066233	-165.261	184.812	0.722	0.760	0.683	0.989	8
58	9643453	3.214484	-162.512	183.590	0.709	0.675	0.743	0.989	4
59	10264938	3.421646	-151.210	164.040	0.835	0.833	0.837	0.995	9
60	10442187	3.480729	233.382	-215.970	0.646	0.744	0.547	0.984	8
61	10612074	3.537358	-113.331	125.550	0.815	0.844	0.787	0.995	7
62	10622562	3.540854	-104.778	112.414	0.784	0.850	0.718	0.990	6
63	10789802	3.596601	-155.486	179.008	0.593	0.648	0.538	0.987	2
64	10908724	3.636241	-121.273	128.605	0.729	0.839	0.618	0.959	8
65	11054506	3.684835	183.284	-159.763	0.776	0.788	0.765	0.984	7
66	11193047	3.731016	-167.705	182.063	0.563	0.433	0.692	0.991	2
67	11196407	3.732136	108.749	-110.276	0.718	0.636	0.801	0.988	3
68	11265019	3.755006	-112.720	107.527	0.759	0.856	0.662	0.899	2
69	11428012	3.809337	-174.731	183.284	0.579	0.535	0.623	0.961	5
70	11517251	3.839084	233.382	-218.719	0.593	0.689	0.498	0.972	3
71	11589043	3.863014	183.895	-160.985	0.730	0.725	0.734	0.989	4
72	11605122	3.868374	88.893	-104.778	0.869	0.884	0.854	0.991	8
73	11609023	3.869674	91.337	-97.141	0.854	0.865	0.843	0.994	7
74	11679013	3.893004	174.426	-144.184	0.578	0.419	0.737	0.977	4
75	11716388	3.905463	-156.403	173.509	0.768	0.817	0.720	0.994	9
76	11738066	3.912689	-85.533	-76.063	0.816	0.849	0.783	0.989	4
77	11754906	3.918302	-199.780	207.417	0.610	0.472	0.748	0.972	2
78	11914657	3.971552	-106.916	112.109	0.692	0.780	0.603	0.989	8
79	11983451	3.994484	102.028	-136.852	0.759	0.713	0.805	0.745	2
80	12030393	4.010131	164.956	-127.383	0.823	0.789	0.857	0.994	7
81	12041756	4.013919	-155.792	182.368	0.676	0.664	0.689	0.965	2
82	12177672	4.059224	-170.149	184.506	0.650	0.648	0.652	0.989	6
83	12203024	4.067675	-47.654	19.856	0.800	0.790	0.810	0.992	4
84	12327073	4.109024	173.815	-144.795	0.809	0.772	0.847	0.987	8
85	12366297	4.122099	233.993	-215.970	0.734	0.739	0.729	0.991	8
86	12472051	4.157350	-107.832	79.729	0.922	0.925	0.919	0.994	9
87	12737394	4.245798	95.308	-104.472	0.874	0.875	0.874	0.992	9
88	12795068	4.265023	-94.391	0.000	0.833	0.850	0.815	0.992	9
89	12929634	4.309878	-62.011	32.991	0.746	0.765	0.726	0.970	4
90	12957461	4.319154	-162.818	182.368	0.628	0.632	0.624	0.988	7
91	13228122	4.409374	97.446	-111.804	0.875	0.868	0.883	0.992	9
92	13244408	4.414803	-157.930	179.619	0.710	0.792	0.628	0.989	2
93	13322463	4.440821	173.204	-146.628	0.693	0.591	0.795	0.989	6
94	13492229	4.497410	-88.282	-83.089	0.748	0.784	0.713	0.792	3
95	13653074	4.551025	84.311	-96.530	0.781	0.848	0.714	0.990	3
96	13669626	4.556542	-97.752	89.198	0.632	0.822	0.443	0.993	2
97	13676919	4.558973	-214.137	235.521	0.807	0.819	0.794	0.978	9
98	13733973	4.577991	-156.708	173.815	0.669	0.731	0.607	0.990	8
99	13741656	4.580552	-155.486	180.841	0.526	0.469	0.583	0.991	2
100	13824798	4.608266	-131.659	144.489	0.637	0.758	0.516	0.958	5
101	13921261	4.640420	36.046	-23.522	0.741	0.609	0.873	0.990	3
102	13943466	4.647822	125.855	-118.829	0.853	0.825	0.881	0.962	2
103	14021139	4.673713	116.691	-110.582	0.750	0.647	0.853	0.990	5
104	14385455	4.795152	-113.942	121.884	0.894	0.909	0.879	0.994	10
105	14536048	4.845349	-151.210	176.259	0.614	0.752	0.476	0.989	2
106	14553003	4.851001	-156.403	176.564	0.559	0.641	0.478	0.962	2
107	14556417	4.852139	-156.403	167.400	0.764	0.804	0.724	0.995	7
108	14621331	4.873777	-113.331	125.244	0.761	0.832	0.690	0.988	9
109	14661913	4.887304	-104.778	77.590	0.880	0.883	0.877	0.995	3
110	14716936	4.905645	-108.749	116.080	0.645	0.760	0.530	0.987	7
111	14814756	4.938252	-156.097	173.509	0.819	0.846	0.791	0.993	9
112	14908718	4.969573	-96.835	-92.864	0.654	0.681	0.627	0.939	3
113	14918447	4.972816	-96.835	-89.198	0.741	0.777	0.705	0.968	3
114	15101710	5.033903	-155.792	165.872	0.795	0.844	0.747	0.996	9
115	15201126	5.067042	85.533	-98.668	0.849	0.858	0.840	0.994	2
116	15243056	5.081019	99.279	-103.861	0.785	0.756	0.814	0.990	3
117	15282167	5.094056	233.077	-213.221	0.617	0.709	0.525	0.928	6
118	15382619	5.127540	91.337	-91.337	0.841	0.840	0.842	0.993	7
119	15390687	5.130229	-214.748	233.993	0.791	0.788	0.795	0.974	2
120	15392906	5.130969	-214.443	237.048	0.632	0.739	0.525	0.820	2
121	15665905	5.221968	-156.708	178.091	0.603	0.701	0.505	0.990	3
122	15686077	5.228692	-156.403	142.351	0.892	0.909	0.876	0.977	9
123	15759547	5.253182	-150.293	153.043	0.735	0.838	0.633	0.979	8
124	15882358	5.294119	-91.337	-89.504	0.728	0.729	0.726	0.989	2
125	15883205	5.294402	-89.504	-85.838	0.705	0.771	0.639	0.770	2
126	15955144	5.318381	-112.414	126.466	0.762	0.852	0.672	0.994	8
127	16140673	5.380224	-142.656	135.020	0.783	0.866	0.701	0.991	9
128	16298292	5.432764	-160.374	175.037	0.648	0.765	0.532	0.987	7
129	16448029	5.482676	-33.297	-61.400	0.902	0.897	0.906	0.994	9
130	16492456	5.497485	-33.297	-63.233	0.913	0.917	0.910	0.990	10
131	16613014	5.537671	-113.636	126.466	0.740	0.844	0.636	0.985	8
132	16636873	5.545624	-175.953	169.538	0.874	0.879	0.869	0.988	5
133	16798071	5.599357	-119.746	166.483	0.803	0.872	0.734	0.981	10
134	16814169	5.604723	-157.625	160.679	0.763	0.822	0.704	0.995	9
135	16865616	5.621872	164.956	-151.210	0.743	0.639	0.847	0.987	9
136	16933671	5.644557	-114.247	127.077	0.720	0.805	0.634	0.992	3
137	17000645	5.666882	-166.178	185.117	0.710	0.733	0.688	0.988	3
138	17031423	5.677141	-146.933	168.927	0.675	0.759	0.591	0.986	5
139	17120579	5.706860	-115.469	103.250	0.796	0.874	0.718	0.992	4
140	17262427	5.754142	-159.152	174.426	0.789	0.776	0.802	0.992	7
141	17409331	5.803110	134.714	-116.691	0.820	0.766	0.874	0.994	9
142	17554224	5.851408	136.852	-116.386	0.843	0.795	0.891	0.992	9
143	17716853	5.905618	-154.875	130.743	0.789	0.835	0.744	0.985	8
144	17735491	5.911830	-143.878	125.855	0.924	0.931	0.918	0.994	9
145	17818947	5.939649	-162.512	175.953	0.739	0.761	0.717	0.994	3
146	17852798	5.950933	-117.913	122.801	0.885	0.918	0.851	0.991	9
147	17854439	5.951480	165.872	-120.662	0.647	0.464	0.830	0.976	7
148	17956809	5.985603	-82.173	3.360	0.759	0.872	0.646	0.883	2
149	17987309	5.995770	-95.308	5.804	0.729	0.805	0.652	0.991	2
150	18124313	6.041438	-114.247	124.939	0.865	0.883	0.847	0.992	9
151	18149085	6.049695	-154.875	162.818	0.843	0.836	0.850	0.994	8
152	18240045	6.080015	-131.659	125.550	0.801	0.854	0.748	0.987	10
153	18301548	6.100516	121.273	-117.302	0.888	0.872	0.903	0.994	10
154	18316539	6.105513	-160.374	181.452	0.746	0.777	0.715	0.979	5
155	18457503	6.152501	127.994	-132.576	0.834	0.821	0.847	0.992	6
156	18472018	6.157339	86.144	-82.478	0.844	0.835	0.852	0.991	2
157	18556883	6.185628	-89.809	-83.394	0.759	0.814	0.704	0.925	6
158	18566530	6.188843	-116.386	122.495	0.825	0.892	0.758	0.990	9
159	18570041	6.190014	-157.625	174.731	0.707	0.779	0.635	0.993	8
160	18619259	6.206420	-114.247	119.440	0.674	0.807	0.541	0.993	2
161	18645084	6.215028	-143.267	121.579	0.746	0.801	0.691	0.936	5
162	18706635	6.235545	-214.443	233.688	0.799	0.791	0.807	0.979	4
163	18710824	6.236941	-156.708	178.702	0.677	0.741	0.613	0.802	7
164	18743163	6.247721	-151.515	168.316	0.762	0.802	0.722	0.989	8
165	18897704	6.299235	-40.323	-14.052	0.801	0.778	0.823	0.991	2
166	18926370	6.308790	84.922	-82.173	0.829	0.851	0.806	0.992	5
167	19054875	6.351625	-214.748	234.299	0.767	0.758	0.775	0.991	6
168	19075901	6.358634	-67.510	-64.150	0.713	0.767	0.659	0.994	3
169	19175251	6.391750	-171.982	181.757	0.599	0.523	0.676	0.959	4
170	19266432	6.422144	110.887	-115.775	0.893	0.888	0.899	0.994	9
171	19301059	6.433686	-97.446	-87.977	0.773	0.847	0.699	0.873	2
172	19304163	6.434721	-70.870	-66.288	0.668	0.842	0.495	0.993	2
173	19367139	6.455713	-114.553	120.968	0.878	0.904	0.853	0.985	10
174	19631089	6.543696	-62.928	-69.037	0.740	0.631	0.849	0.826	2
175	19689633	6.563211	-97.752	-89.504	0.767	0.824	0.710	0.989	7
176	19764123	6.588041	-118.218	126.772	0.827	0.878	0.775	0.993	9
177	19836837	6.612279	-90.115	-83.394	0.729	0.783	0.676	0.982	3
178	19896174	6.632058	-126.466	128.605	0.838	0.855	0.820	0.993	9
179	19944258	6.648086	-91.948	-84.311	0.786	0.838	0.734	0.988	3
180	19999329	6.666443	-153.348	176.564	0.748	0.813	0.683	0.965	6
181	20024732	6.674911	-144.489	128.299	0.889	0.892	0.886	0.991	9
182	20028094	6.676031	117.913	-136.241	0.749	0.664	0.835	0.990	7
183	20146911	6.715637	-65.677	76.063	0.865	0.904	0.826	0.996	4
184	20152108	6.717369	-110.276	120.357	0.681	0.797	0.565	0.995	3
185	20172443	6.724148	-168.316	184.201	0.785	0.795	0.774	0.983	9
186	20209570	6.736523	84.922	-89.198	0.765	0.849	0.682	0.991	6
187	20353586	6.784529	-160.679	178.397	0.655	0.679	0.632	0.990	9
188	20372141	6.790714	-157.319	177.480	0.689	0.724	0.655	0.986	3
189	20479603	6.826534	-156.097	177.175	0.606	0.727	0.484	0.985	3
190	20523950	6.841317	-214.443	234.604	0.804	0.800	0.809	0.966	8
191	20533781	6.844594	-97.141	-91.948	0.711	0.748	0.673	0.983	8
192	20538473	6.846158	-91.337	-80.645	0.726	0.784	0.668	0.989	4
193	20556943	6.852314	-95.613	-90.420	0.661	0.695	0.627	0.960	2
194	20570637	6.856879	-17.107	-32.380	0.824	0.852	0.797	0.825	2
195	20570608	6.856869	235.215	-40.934	0.591	0.748	0.434	0.973	2
196	20573893	6.857964	-65.371	17.412	0.925	0.943	0.906	0.993	8
197	20624508	6.874836	-164.651	179.924	0.602	0.684	0.519	0.894	4
198	20650198	6.883399	83.394	-93.170	0.874	0.874	0.873	0.992	3
199	20661489	6.887163	176.259	-160.374	0.565	0.448	0.681	0.982	3
200	20712683	6.904228	-122.190	127.688	0.876	0.895	0.858	0.994	9
201	20737546	6.912515	-66.899	-65.371	0.715	0.746	0.684	0.990	3
202	20767319	6.922440	-86.449	102.334	0.855	0.905	0.804	0.995	8
203	20788746	6.929582	-79.118	21.994	0.909	0.921	0.897	0.988	9
204	20913149	6.971050	-93.170	-87.977	0.705	0.729	0.680	0.981	3
205	20914390	6.971463	-64.455	38.795	0.909	0.934	0.883	0.993	8
206	20935395	6.978465	-224.829	233.382	0.628	0.521	0.735	0.876	3
207	20940751	6.980250	-157.014	173.815	0.740	0.792	0.689	0.992	9
208	20971496	6.990499	-105.389	-0.611	0.887	0.891	0.884	0.987	2
209	20982764	6.994255	-84.311	79.118	0.832	0.917	0.747	0.992	6
210	20986678	6.995559	-90.115	-86.449	0.506	0.597	0.415	0.991	2
211	21056718	7.018906	-112.109	120.662	0.739	0.824	0.653	0.994	9
212	21131318	7.043773	-158.236	177.175	0.685	0.796	0.573	0.987	5
213	21183956	7.061319	-106.916	114.553	0.571	0.696	0.445	0.985	2
214	21195404	7.065135	85.838	-90.420	0.815	0.865	0.765	0.992	7
215	21234596	7.078199	-96.530	-95.002	0.588	0.613	0.562	0.979	2
216	21387811	7.129270	-159.152	173.815	0.770	0.793	0.747	0.990	6
217	21441897	7.147299	-92.864	-86.144	0.743	0.804	0.682	0.972	4
218	21465105	7.155035	-94.086	-84.616	0.779	0.870	0.687	0.990	3
219	21671439	7.223813	-106.000	125.244	0.850	0.850	0.849	0.994	9
220	21753550	7.251183	123.106	-121.579	0.810	0.732	0.889	0.972	5
221	21786641	7.262214	-97.752	-89.198	0.699	0.762	0.635	0.988	3
222	21797702	7.265901	-115.775	121.579	0.581	0.755	0.406	0.992	2
223	21862805	7.287602	-77.285	22.300	0.916	0.936	0.896	0.991	7
224	21884425	7.294808	-108.443	116.386	0.684	0.787	0.582	0.991	4
225	21903204	7.301068	-97.752	-90.420	0.679	0.732	0.627	0.971	5
226	21957617	7.319206	-157.930	170.455	0.703	0.772	0.635	0.988	7
227	22102144	7.367381	-171.676	188.478	0.499	0.552	0.446	0.982	3
228	22106431	7.368810	-167.705	212.915	0.735	0.759	0.712	0.992	6
229	22136134	7.378711	-166.483	183.590	0.721	0.731	0.711	0.988	7
230	22161008	7.387003	-155.486	176.564	0.769	0.827	0.711	0.989	3
231	22211647	7.403882	105.694	-95.002	0.796	0.763	0.829	0.992	3
232	22261759	7.420586	-156.097	165.872	0.812	0.828	0.796	0.990	9
233	22364048	7.454683	-213.526	232.466	0.726	0.708	0.744	0.966	10
234	22373625	7.457875	-159.457	177.175	0.690	0.763	0.618	0.993	5
235	22394099	7.464700	-114.858	126.161	0.772	0.842	0.703	0.990	8
236	22400956	7.466985	-156.403	173.204	0.576	0.676	0.477	0.991	4
237	22408865	7.469622	-96.530	-93.170	0.499	0.572	0.426	0.972	2
238	22515274	7.505091	-212.304	-206.195	0.506	0.606	0.407	0.964	2
239	22561706	7.520569	-162.207	183.284	0.583	0.641	0.525	0.988	3
240	22583676	7.527892	-93.781	-92.253	0.751	0.761	0.740	0.955	5
241	22681606	7.560535	137.463	-120.051	0.763	0.685	0.842	0.995	9
242	22701084	7.567028	-113.636	112.414	0.784	0.870	0.698	0.994	8
243	22726916	7.575639	96.224	-108.138	0.758	0.709	0.807	0.991	3
244	22857149	7.619050	-89.504	93.781	0.807	0.858	0.756	0.990	2
245	22928945	7.642982	-91.948	2.444	0.747	0.818	0.677	0.992	2
246	22992833	7.664278	-194.587	229.717	0.448	0.402	0.493	0.988	2
247	23029032	7.676344	-151.515	147.849	0.825	0.865	0.786	0.995	10
248	23064527	7.688176	-109.360	107.832	0.820	0.850	0.791	0.941	9
249	23109767	7.703256	234.604	-215.665	0.801	0.802	0.800	0.969	9
250	23135854	7.711951	-214.137	235.215	0.813	0.798	0.829	0.952	2
251	23147873	7.715958	233.077	-222.996	0.539	0.643	0.435	0.987	2
252	23155881	7.718627	72.397	-87.366	0.873	0.862	0.885	0.951	3
253	23189138	7.729713	170.455	-158.236	0.796	0.784	0.807	0.991	9
254	23207518	7.735839	-67.204	-23.827	0.747	0.903	0.591	0.993	6
255	23273515	7.757838	-60.178	20.161	0.825	0.869	0.781	0.988	7
256	23294434	7.764811	-84.311	51.320	0.750	0.915	0.585	0.992	3
257	23303092	7.767697	-97.141	-95.919	0.527	0.597	0.458	0.979	3
258	23349653	7.783218	-154.570	180.841	0.656	0.694	0.619	0.990	5
259	23429408	7.809803	85.533	-76.369	0.809	0.775	0.843	0.987	2
260	23453478	7.817826	-154.875	175.037	0.618	0.741	0.495	0.993	4
261	23475305	7.825102	-161.290	182.674	0.705	0.705	0.705	0.897	8
262	23485287	7.828429	-163.123	183.590	0.725	0.702	0.747	0.983	6
263	23513361	7.837787	-121.579	128.605	0.714	0.824	0.605	0.979	3
264	23550811	7.850270	-197.031	175.037	0.835	0.833	0.837	0.992	9
265	23568426	7.856142	117.608	-123.412	0.787	0.712	0.862	0.902	4
266	23585747	7.861916	-106.305	107.527	0.742	0.817	0.666	0.959	9
267	23593898	7.864633	85.533	-87.060	0.723	0.689	0.756	0.992	2
268	23609664	7.869888	112.414	-115.775	0.793	0.726	0.859	0.991	6
269	23687639	7.895880	-65.066	-26.576	0.901	0.929	0.873	0.980	5
270	23725496	7.908499	-87.671	-79.423	0.715	0.858	0.572	0.991	2
271	23727615	7.909205	-123.106	125.855	0.918	0.911	0.924	0.993	9
272	23730920	7.910307	-156.708	176.870	0.645	0.759	0.531	0.995	5
273	23734356	7.911452	-159.152	183.895	0.781	0.799	0.763	0.994	9
274	23740011	7.913337	235.521	-215.970	0.625	0.724	0.526	0.932	2
275	23773735	7.924578	134.714	-144.795	0.916	0.928	0.904	0.993	10
276	23788313	7.929438	-164.651	176.564	0.737	0.737	0.737	0.990	9
277	23804268	7.934756	-91.642	60.178	0.905	0.916	0.895	0.989	3
278	23863052	7.954351	-69.954	-63.844	0.732	0.777	0.687	0.988	4
279	23880688	7.960229	-97.141	-0.305	0.812	0.850	0.773	0.995	4
280	23891733	7.963911	-119.135	119.746	0.901	0.917	0.886	0.985	10
281	23924803	7.974934	-123.412	118.829	0.914	0.926	0.902	0.954	8
282	23964076	7.988025	115.775	-112.109	0.622	0.444	0.799	0.991	2
283	23969846	7.989949	-214.443	235.215	0.729	0.742	0.717	0.746	2
284	24054569	8.018190	124.022	-120.357	0.899	0.893	0.905	0.788	9
285	24063275	8.021092	184.201	-164.040	0.504	0.544	0.465	0.963	2
286	24093541	8.031180	-71.175	62.622	0.870	0.899	0.840	0.992	8
287	24179053	8.059684	-163.734	183.590	0.634	0.580	0.688	0.927	7
288	24184079	8.061360	-135.936	122.495	0.551	0.639	0.462	0.991	2
289	24209163	8.069721	-84.311	-78.201	0.709	0.774	0.644	0.769	5
290	24228165	8.076055	-175.953	177.786	0.540	0.489	0.590	0.992	3
291	24284386	8.094795	-125.550	146.628	0.655	0.790	0.520	0.966	2
292	24307816	8.102605	-125.855	122.495	0.930	0.933	0.928	0.989	9
293	24417094	8.139031	-135.936	132.881	0.867	0.894	0.841	0.957	9
294	24458089	8.152696	-93.170	-85.533	0.733	0.779	0.687	0.965	2
295	24460385	8.153462	40.628	-27.187	0.817	0.760	0.874	0.989	8
296	24521458	8.173819	-104.472	117.608	0.833	0.854	0.811	0.980	9
297	24530061	8.176687	-120.051	105.083	0.931	0.943	0.919	0.964	9
298	24596865	8.198955	-60.789	-69.648	0.678	0.567	0.788	0.986	2
299	24639460	8.213153	-70.565	-62.622	0.729	0.879	0.579	0.990	3
300	24726229	8.242076	84.311	-63.844	0.878	0.865	0.892	0.992	2
301	24815424	8.271808	-79.118	-69.343	0.760	0.873	0.646	0.907	6
302	24929243	8.309748	-72.703	-69.648	0.736	0.828	0.644	0.986	5
303	24947979	8.315993	-119.440	98.974	0.763	0.853	0.672	0.981	5
304	24956290	8.318763	127.383	-124.939	0.912	0.901	0.922	0.993	9
305	25025746	8.341915	-110.887	114.247	0.701	0.824	0.578	0.988	6
306	25086221	8.362074	125.855	-119.440	0.716	0.616	0.816	0.994	3
307	25103339	8.367780	-108.138	112.109	0.731	0.792	0.670	0.979	8
308	25105803	8.368601	233.382	-216.276	0.587	0.740	0.434	0.772	3
309	25109712	8.369904	-159.152	165.567	0.841	0.832	0.850	0.990	9
310	25117197	8.372399	-33.297	-65.677	0.886	0.879	0.892	0.977	8
311	25168268	8.389423	-149.377	159.152	0.878	0.866	0.891	0.968	8
312	25214340	8.404780	-156.403	170.760	0.848	0.847	0.849	0.995	9
313	25243016	8.414339	-92.864	-90.420	0.686	0.758	0.614	0.972	2
314	25281701	8.427234	-96.835	-95.002	0.627	0.635	0.619	0.968	2
315	25299711	8.433237	35.130	-23.216	0.761	0.623	0.899	0.991	6
316	25369382	8.456461	-62.011	-69.037	0.697	0.613	0.781	0.972	4
317	25433300	8.477767	42.461	-23.216	0.795	0.731	0.860	0.995	2
318	25502403	8.500801	-112.720	84.005	0.919	0.926	0.913	0.993	7
319	25516926	8.505642	-159.763	182.979	0.754	0.754	0.754	0.990	9
320	25518329	8.506110	-97.752	-89.809	0.710	0.783	0.637	0.990	3
321	25550082	8.516694	-89.809	-83.089	0.726	0.823	0.630	0.993	4
322	25554605	8.518202	-97.141	-89.809	0.689	0.762	0.616	0.988	5
323	25594145	8.531382	-36.351	-65.371	0.837	0.835	0.838	0.970	4
324	25603299	8.534433	-116.386	126.772	0.842	0.891	0.793	0.989	9
325	25691388	8.563796	171.065	-128.910	0.736	0.671	0.800	0.968	8
326	25726723	8.575574	89.198	-102.639	0.790	0.764	0.815	0.992	5
327	25739704	8.579901	-114.553	126.772	0.833	0.863	0.804	0.991	7
328	25746460	8.582153	-63.233	-11.303	0.628	0.637	0.618	0.964	3
329	25757562	8.585854	-62.011	30.242	0.830	0.902	0.758	0.982	7
330	25764768	8.588256	-144.184	164.956	0.731	0.822	0.641	0.980	3
331	25765170	8.588390	-215.359	234.299	0.752	0.735	0.768	0.978	6
332	25773247	8.591082	123.412	-119.440	0.891	0.883	0.900	0.996	10
333	25779059	8.593020	-98.057	106.000	0.852	0.886	0.819	0.989	9
334	25815146	8.605049	89.504	-109.054	0.793	0.754	0.833	0.992	6
335	25817724	8.605908	184.812	-174.731	0.804	0.791	0.817	0.991	5
336	25882850	8.627617	-169.538	207.111	0.688	0.748	0.629	0.995	7
337	25910673	8.636891	-39.406	19.856	0.824	0.835	0.814	0.978	5
338	25926899	8.642300	-58.346	18.634	0.824	0.845	0.802	0.990	3
339	25955769	8.651923	84.005	-77.285	0.802	0.744	0.860	0.989	2
340	25972851	8.657617	83.089	-81.867	0.829	0.830	0.828	0.993	6
341	25975737	8.658579	-64.455	26.882	0.905	0.935	0.875	0.969	9
342	25992727	8.664242	86.755	-83.394	0.853	0.837	0.870	0.994	3
343	26000982	8.666994	-118.524	106.610	0.754	0.828	0.680	0.985	8
344	26014949	8.671650	-112.720	122.495	0.706	0.817	0.594	0.991	4
345	26016786	8.672262	-97.141	-87.671	0.773	0.825	0.721	0.992	3
346	26019186	8.673062	-139.907	131.965	0.860	0.872	0.848	0.991	9
347	26043485	8.681162	-15.274	-36.962	0.772	0.724	0.820	0.975	2
348	26056393	8.685464	96.224	-100.806	0.831	0.836	0.827	0.993	9
349	26092189	8.697396	-114.553	123.106	0.787	0.862	0.712	0.987	9
350	26095067	8.698356	-106.610	116.997	0.603	0.732	0.473	0.993	4
351	26098515	8.699505	-69.954	-61.095	0.680	0.882	0.478	0.906	3
352	26105523	8.701841	87.060	-85.838	0.829	0.852	0.806	0.991	2
353	26122945	8.707648	-165.261	177.480	0.695	0.812	0.579	0.955	2
354	26123607	8.707869	-69.648	-65.677	0.765	0.861	0.668	0.994	7
355	26162235	8.720745	94.086	-115.469	0.842	0.812	0.873	0.993	5
356	26179789	8.726596	-117.913	124.939	0.899	0.923	0.875	0.993	9
357	26204305	8.734768	233.688	-215.054	0.601	0.710	0.492	0.991	7
358	26206126	8.735375	-96.530	81.562	0.904	0.914	0.894	0.976	7
359	26257232	8.752411	39.101	-24.438	0.824	0.780	0.869	0.780	6
360	26276680	8.758893	-151.210	173.815	0.745	0.828	0.662	0.994	9
361	26278850	8.759617	-111.498	107.832	0.845	0.881	0.808	0.990	9
362	26359281	8.786427	-94.391	-88.893	0.633	0.680	0.586	0.990	2
363	26373139	8.791046	-97.141	111.193	0.573	0.610	0.537	0.977	5
364	26386584	8.795528	-214.748	233.993	0.746	0.740	0.752	0.923	3
365	26398862	8.799621	-36.351	-62.622	0.866	0.872	0.860	0.980	8
366	26411397	8.803799	-62.928	-19.550	0.885	0.920	0.850	0.991	5
367	26413914	8.804638	-8.248	-75.147	0.696	0.520	0.871	0.988	3
368	26461111	8.820370	-157.319	177.175	0.653	0.743	0.563	0.994	4
369	26469990	8.823330	-72.397	-62.928	0.713	0.879	0.547	0.745	3
370	26473469	8.824490	-117.608	127.383	0.858	0.883	0.833	0.992	7
371	26478679	8.826226	-111.804	122.190	0.720	0.814	0.626	0.991	3
372	26597352	8.865784	40.323	-65.677	0.694	0.669	0.720	0.993	2
373	26608989	8.869663	111.498	-107.221	0.666	0.534	0.798	0.990	2
374	26657865	8.885955	-123.412	122.801	0.926	0.930	0.922	0.985	10
375	26696021	8.898674	87.060	-80.340	0.860	0.859	0.862	0.994	2
376	26711741	8.903914	-153.348	136.852	0.668	0.759	0.577	0.980	2
377	26726283	8.908761	-110.276	116.997	0.616	0.826	0.405	0.986	2
378	26738842	8.912947	-65.371	-65.066	0.639	0.684	0.593	0.967	7
379	26746281	8.915427	-93.475	-91.031	0.771	0.785	0.757	0.979	3
380	26749583	8.916528	39.101	-25.965	0.731	0.590	0.872	0.986	2
381	26760417	8.920139	-66.899	-64.150	0.661	0.703	0.619	0.988	4
382	26761303	8.920434	35.740	7.942	0.774	0.787	0.762	0.990	2
383	26762302	8.920767	-161.290	177.786	0.675	0.651	0.699	0.989	5
384	26769935	8.923312	-55.596	-54.069	0.672	0.654	0.690	0.962	7
385	26796548	8.932183	-88.587	-83.700	0.641	0.744	0.538	0.956	2
386	26818523	8.939508	84.922	-107.832	0.796	0.835	0.757	0.972	2
387	26851346	8.950449	175.037	-135.936	0.656	0.517	0.794	0.990	7
388	26857494	8.952498	-163.123	182.063	0.578	0.504	0.652	0.987	3
389	26876402	8.958801	-178.397	179.619	0.510	0.447	0.573	0.994	2
390	26890935	8.963645	-101.112	112.109	0.671	0.756	0.585	0.979	4
391	26943211	8.981070	-59.262	-62.928	0.708	0.623	0.793	0.989	3
392	26945847	8.981949	36.962	-26.271	0.869	0.862	0.877	0.992	2
393	26948720	8.982907	167.705	-140.213	0.746	0.642	0.849	0.975	8
394	26956771	8.985590	98.974	-97.141	0.786	0.757	0.815	0.993	5
395	26994112	8.998037	-33.297	-60.789	0.819	0.855	0.784	0.984	3
396	27011230	9.003743	-98.668	114.247	0.609	0.680	0.538	0.990	3
397	27016417	9.005472	-76.674	-22.605	0.772	0.904	0.640	0.994	5
398	27051973	9.017324	-41.850	19.856	0.866	0.858	0.873	0.991	9
399	27061608	9.020536	235.215	-215.970	0.713	0.784	0.643	0.988	3
400	27061605	9.020535	236.131	-215.054	0.715	0.705	0.726	0.992	4
401	27061736	9.020579	235.521	-220.858	0.753	0.786	0.720	0.971	2
402	27071462	9.023821	-65.982	235.215	0.590	0.599	0.582	0.983	3
403	27088181	9.029394	-95.613	-94.086	0.721	0.732	0.709	0.973	2
404	27150327	9.050109	-98.668	102.639	0.769	0.829	0.710	0.992	3
405	27153403	9.051134	-36.962	-64.455	0.755	0.759	0.750	0.891	2
406	27179894	9.059965	-31.769	-63.233	0.806	0.758	0.855	0.988	2
407	27206169	9.068723	-149.988	171.982	0.570	0.735	0.405	0.990	3
408	27241109	9.080370	-97.752	5.193	0.681	0.736	0.626	0.978	4
409	27255865	9.085288	-66.899	-66.593	0.750	0.789	0.712	0.994	4
410	27275056	9.091685	-36.351	-43.683	0.830	0.865	0.795	0.960	5
411	27277621	9.092540	-149.682	182.979	0.658	0.712	0.603	0.994	2
412	27321352	9.107117	-94.391	-87.671	0.557	0.707	0.408	0.902	2
413	27327603	9.109201	163.429	-146.322	0.788	0.742	0.833	0.979	9
414	27341566	9.113855	172.593	-151.515	0.670	0.521	0.819	0.889	6
415	27346203	9.115401	89.809	-105.083	0.781	0.787	0.775	0.989	2
416	27365927	9.121976	-106.305	35.130	0.763	0.877	0.648	0.991	5
417	27388172	9.129391	-49.792	-67.815	0.810	0.788	0.831	0.963	5
418	27396868	9.132289	80.645	-85.227	0.803	0.820	0.786	0.971	2
419	27425419	9.141806	-19.856	22.605	0.814	0.766	0.862	0.981	4
420	27435601	9.145200	-153.348	167.094	0.714	0.798	0.629	0.994	6
421	27449104	9.149701	-148.155	169.233	0.713	0.774	0.652	0.990	8
422	27498219	9.166073	38.795	-23.827	0.779	0.703	0.855	0.993	5
423	27502050	9.167350	39.712	-71.786	0.906	0.895	0.917	0.993	6
424	27504833	9.168278	140.824	-122.801	0.909	0.915	0.903	0.995	10
425	27514998	9.171666	85.227	-84.616	0.852	0.871	0.833	0.994	6
426	27520283	9.173428	-105.694	107.832	0.740	0.847	0.634	0.947	7
427	27522933	9.174311	-116.997	111.498	0.870	0.894	0.847	0.991	9
428	27552963	9.184321	-96.530	-0.916	0.861	0.832	0.890	0.994	2
429	27574298	9.191433	41.544	-18.634	0.845	0.839	0.851	0.989	2
430	27577432	9.192477	-214.443	233.382	0.817	0.803	0.831	0.975	7
431	27582635	9.194212	-142.962	172.287	0.723	0.805	0.641	0.964	9
432	27610854	9.203618	173.204	-136.241	0.660	0.559	0.762	0.989	4
433	27614318	9.204773	-143.878	129.216	0.855	0.880	0.831	0.995	8
434	27625450	9.208483	-24.132	25.965	0.833	0.833	0.834	0.966	5
435	27687036	9.229012	-56.818	-66.288	0.710	0.577	0.843	0.955	4
436	27689019	9.229673	-162.207	166.483	0.842	0.840	0.843	0.989	8
437	27700831	9.233610	40.934	-25.660	0.873	0.855	0.891	0.994	3
438	27747199	9.249066	-97.141	-87.977	0.716	0.834	0.599	0.993	4
439	27748026	9.249342	-69.954	-67.510	0.700	0.731	0.669	0.994	3
440	27779724	9.259908	-100.196	78.507	0.926	0.931	0.920	0.995	6
441	27823541	9.274514	-214.443	234.910	0.749	0.747	0.751	0.767	3
442	27847871	9.282624	-214.137	231.855	0.727	0.745	0.709	0.989	8
443	27850376	9.283459	-57.429	-62.011	0.670	0.586	0.753	0.954	3
444	27857810	9.285937	126.466	-117.302	0.876	0.863	0.890	0.949	8
445	27878952	9.292984	101.723	-90.115	0.806	0.753	0.860	0.981	2
446	27883221	9.294407	-87.671	-82.783	0.756	0.806	0.705	0.993	5
447	27908461	9.302820	-36.046	-65.677	0.865	0.863	0.866	0.988	9
448	27911520	9.303840	5.804	-44.599	0.680	0.536	0.824	0.988	4
449	27916007	9.305336	-213.526	231.244	0.662	0.660	0.664	0.981	2
450	27922165	9.307388	113.331	-119.746	0.780	0.691	0.868	0.995	4
451	27934595	9.311532	-52.542	-17.717	0.627	0.742	0.511	0.992	2
452	27937766	9.312589	-89.504	-85.533	0.645	0.711	0.578	0.921	2
453	27941073	9.313691	-72.092	33.602	0.922	0.942	0.902	0.991	7
454	27946474	9.315491	57.429	-49.792	0.777	0.692	0.863	0.983	2
455	27969875	9.323292	-71.786	83.089	0.875	0.869	0.881	0.993	3
456	28012851	9.337617	-106.916	114.858	0.796	0.863	0.730	0.972	9
457	28048351	9.349450	-22.911	35.435	0.837	0.820	0.854	0.994	2
458	28071331	9.357110	-68.732	-67.204	0.758	0.769	0.746	0.914	3
459	28076592	9.358864	-97.141	102.334	0.772	0.843	0.701	0.993	3
460	28079030	9.359677	-106.610	113.331	0.633	0.764	0.502	0.984	2
461	28164483	9.388161	-96.224	105.694	0.846	0.878	0.815	0.992	8
462	28169833	9.389944	-57.735	-51.931	0.634	0.632	0.635	0.921	4
463	28190154	9.396718	39.406	-48.265	0.858	0.845	0.871	0.983	2
464	28195377	9.398459	-51.931	-69.037	0.772	0.709	0.835	0.976	7
465	28203445	9.401148	-169.538	176.259	0.709	0.742	0.676	0.985	9
466	28209155	9.403052	41.850	-23.216	0.823	0.795	0.851	0.992	3
467	28215898	9.405299	-14.052	-4.888	0.878	0.856	0.899	0.989	6
468	28230077	9.410026	-61.400	-66.899	0.724	0.632	0.816	0.922	2
469	28239052	9.413017	88.893	-103.250	0.708	0.711	0.706	0.980	2
470	28243014	9.414338	-140.824	121.579	0.922	0.928	0.915	0.992	9
471	28258344	9.419448	-44.294	-46.127	0.839	0.829	0.848	0.990	6
472	28264500	9.421500	126.772	-119.135	0.901	0.895	0.906	0.995	8
473	28279510	9.426503	0.000	-46.432	0.781	0.673	0.888	0.985	4
474	28286779	9.428926	-60.484	-68.732	0.767	0.690	0.844	0.993	6
475	28289499	9.429833	40.323	-21.383	0.849	0.844	0.854	0.994	8
476	28291672	9.430557	-1.527	-34.213	0.851	0.850	0.852	0.993	4
477	28316924	9.438975	35.740	-20.161	0.754	0.756	0.753	0.967	3
478	28330428	9.443476	40.323	-32.075	0.716	0.738	0.694	0.958	2
479	28355382	9.451794	-37.573	-62.622	0.901	0.894	0.909	0.982	9
480	28360644	9.453548	-20.772	1.833	0.723	0.752	0.694	0.988	7
481	28363021	9.454340	125.855	-119.440	0.716	0.616	0.816	0.994	3
482	28380139	9.460046	-108.138	112.109	0.731	0.792	0.670	0.979	8
483	28382603	9.460868	233.382	-216.276	0.587	0.740	0.434	0.772	3
484	28386512	9.462171	-159.152	165.567	0.841	0.832	0.850	0.990	9
485	28393997	9.464666	-33.297	-65.677	0.886	0.879	0.892	0.977	8
486	28445068	9.481689	-149.377	159.152	0.878	0.866	0.891	0.968	8
487	28491140	9.497047	-156.403	170.760	0.848	0.847	0.849	0.995	9
488	28519816	9.506605	-92.864	-90.420	0.686	0.758	0.614	0.972	2
489	28558501	9.519500	-96.835	-95.002	0.627	0.635	0.619	0.968	2
490	28576511	9.525504	35.130	-23.216	0.761	0.623	0.899	0.991	6
491	28631350	9.543783	77.285	-65.982	0.863	0.850	0.877	0.991	2
492	28645901	9.548634	-106.610	106.610	0.807	0.846	0.768	0.981	4
493	28657283	9.552428	-90.726	37.879	0.866	0.889	0.844	0.994	6
494	28670716	9.556905	-36.046	21.383	0.863	0.869	0.856	0.991	3
495	28681634	9.560545	110.582	-145.711	0.878	0.877	0.879	0.988	9
496	28699537	9.566512	87.366	-93.170	0.845	0.839	0.851	0.987	2
497	28717168	9.572389	-67.510	-21.383	0.769	0.886	0.652	0.864	6
498	28723967	9.574656	112.414	-119.746	0.872	0.848	0.896	0.995	9
499	28728372	9.576124	174.426	-159.763	0.672	0.729	0.616	0.982	6
500	28731058	9.577019	-106.610	110.582	0.725	0.850	0.599	0.980	3
501	28753113	9.584371	106.610	-85.227	0.644	0.587	0.701	0.984	2
502	28759756	9.586585	235.826	-215.359	0.852	0.866	0.838	0.859	4
503	28787600	9.595867	-111.804	116.691	0.627	0.770	0.483	0.986	2
504	28799560	9.599853	-59.567	-68.121	0.665	0.474	0.855	0.945	2
505	28815705	9.605235	47.348	-25.049	0.729	0.575	0.884	0.979	2
506	28831010	9.610337	-60.789	-70.259	0.763	0.661	0.864	0.992	3
507	28840775	9.613592	-118.218	126.466	0.881	0.889	0.873	0.992	9
508	28867199	9.622400	129.826	-117.608	0.860	0.825	0.895	0.995	6
509	28877544	9.625848	-60.484	-70.870	0.707	0.606	0.808	0.992	2
510	28883586	9.627862	98.668	-114.858	0.855	0.837	0.873	0.991	2
511	28902719	9.634240	-80.645	-19.245	0.866	0.918	0.813	0.994	6
512	28919991	9.639997	92.864	-112.109	0.831	0.810	0.853	0.992	2
513	28949997	9.649999	-89.504	-82.783	0.783	0.812	0.753	0.987	2
514	28958032	9.652677	-78.812	4.888	0.900	0.915	0.884	0.992	4
515	28981146	9.660382	115.775	-111.498	0.782	0.741	0.823	0.994	7
516	29019768	9.673256	184.506	-155.181	0.668	0.635	0.701	0.965	2
517	29058771	9.686257	87.977	-105.694	0.859	0.874	0.844	0.884	2
518	29131669	9.710556	106.305	-92.253	0.819	0.825	0.813	0.990	2
519	29189863	9.729954	-64.455	-64.761	0.659	0.678	0.639	0.993	2
520	29275585	9.758528	-20.467	-69.343	0.859	0.805	0.914	0.994	8
521	29280336	9.760112	-65.371	-65.066	0.783	0.790	0.776	0.967	2
522	29310987	9.770329	-71.786	-67.204	0.785	0.887	0.683	0.964	2
523	29320159	9.773386	43.377	-79.118	0.912	0.888	0.935	0.990	8
524	29329041	9.776347	-242.241	-234.299	0.653	0.680	0.626	0.919	3
525	29338666	9.779555	82.173	-85.533	0.856	0.884	0.827	0.993	2
526	29388109	9.796036	-73.925	-71.481	0.774	0.813	0.734	0.939	2
527	29395135	9.798378	96.224	-97.752	0.880	0.876	0.884	0.992	2
528	29404700	9.801567	-62.011	-70.259	0.709	0.595	0.824	0.988	2
529	29405485	9.801828	-59.873	-67.510	0.624	0.468	0.780	0.985	2
530	29416859	9.805620	7.942	-75.452	0.715	0.613	0.816	0.964	2
531	29441818	9.813939	-70.259	-67.204	0.774	0.783	0.765	0.984	6
532	29468915	9.822972	137.158	-72.397	0.873	0.864	0.881	0.995	2
533	29468913	9.822971	30.853	-65.677	0.864	0.806	0.922	0.995	5
534	29493587	9.831196	-61.095	-71.175	0.771	0.672	0.871	0.958	3
535	29500906	9.833635	127.994	-122.801	0.900	0.894	0.906	0.995	9
536	29516600	9.838867	84.616	-106.610	0.916	0.920	0.912	0.996	3
537	29551976	9.850659	-220.858	184.506	0.553	0.462	0.644	0.978	2
538	29561217	9.853739	-73.314	-70.870	0.822	0.897	0.747	0.951	6
539	29583950	9.861317	-62.011	-71.481	0.706	0.596	0.816	0.786	2
540	29644733	9.881578	236.131	-215.359	0.639	0.795	0.483	0.983	3
541	29648112	9.882704	-86.144	80.034	0.769	0.901	0.636	0.991	4
542	29659100	9.886367	-35.740	-69.648	0.862	0.818	0.905	0.946	9
543	29667686	9.889229	105.389	-128.605	0.819	0.811	0.828	0.995	9
544	29687704	9.895901	124.633	-116.691	0.837	0.800	0.875	0.992	7
545	29696833	9.898944	90.420	-101.417	0.858	0.886	0.831	0.994	9
546	29758812	9.919604	-60.178	-67.204	0.723	0.649	0.797	0.910	4
547	29801620	9.933873	234.604	-216.276	0.579	0.708	0.449	0.987	3
548	29826559	9.942186	107.832	-109.360	0.744	0.630	0.859	0.954	2
549	29847121	9.949040	-36.962	-68.732	0.734	0.587	0.880	0.990	3
550	29942112	9.980704	-12.219	-46.432	0.766	0.656	0.876	0.986	5
