EventID	ArrivalGlobalIdx	ArrivalTime_s	X_mm	Y_mm	LocateConf	MaxX	MaxY	DetectConf	HitCount
1	27085	0.009028	-126.466	127.383	0.879	0.892	0.866	0.995	9
2	224991	0.074997	-118.524	125.244	0.772	0.846	0.698	0.978	9
3	229689	0.076563	117.302	-116.386	0.786	0.701	0.870	0.990	7
4	261628	0.087209	-68.426	-66.593	0.716	0.758	0.673	0.984	2
5	371725	0.123908	-136.852	128.299	0.645	0.721	0.568	0.977	2
6	381568	0.127189	-65.982	-64.455	0.754	0.814	0.693	0.993	4
7	484874	0.161625	-151.515	228.189	0.793	0.819	0.767	0.996	10
8	489075	0.163025	-169.233	204.362	0.774	0.795	0.753	0.994	9
9	614072	0.204691	-97.141	-94.697	0.618	0.649	0.588	0.968	4
10	672970	0.224323	236.437	-237.964	0.775	0.815	0.735	0.993	9
11	856151	0.285384	-95.919	-93.781	0.686	0.690	0.682	0.994	4
12	1327789	0.442596	124.939	-120.968	0.842	0.791	0.893	0.990	9
13	1369502	0.456501	123.106	-117.913	0.899	0.883	0.916	0.994	9
14	1508451	0.502817	-116.386	126.161	0.803	0.868	0.739	0.991	8
15	1513360	0.504453	-164.345	183.284	0.617	0.555	0.680	0.990	5
16	1732361	0.577454	-95.613	-90.115	0.731	0.762	0.700	0.992	2
17	2022373	0.674124	84.311	-98.057	0.676	0.747	0.604	0.929	2
18	2158484	0.719495	104.167	-112.414	0.834	0.794	0.874	0.991	4
19	2224160	0.741387	-117.302	131.659	0.860	0.904	0.816	0.994	10
20	2280420	0.760140	123.412	-114.247	0.766	0.707	0.824	0.995	9
21	2306201	0.768734	-97.141	-89.809	0.728	0.769	0.688	0.982	4
22	2518643	0.839548	-149.682	176.259	0.699	0.766	0.632	0.994	5
23	2947308	0.982436	-214.748	234.910	0.766	0.766	0.766	0.980	3
24	2992856	0.997619	111.193	-116.691	0.767	0.699	0.834	0.991	3
25	3000432	1.000144	234.910	-215.665	0.822	0.829	0.815	0.814	8
26	3922602	1.307534	-99.890	-87.977	0.744	0.831	0.657	0.992	5
27	4195447	1.398482	191.227	-177.175	0.705	0.695	0.714	0.994	4
28	4351830	1.450610	85.227	-100.501	0.824	0.864	0.784	0.992	2
29	4359054	1.453018	-152.737	167.094	0.691	0.793	0.589	0.981	9
30	4584104	1.528035	-144.795	164.956	0.805	0.854	0.756	0.972	8
31	4769568	1.589856	-87.977	-82.783	0.737	0.799	0.675	0.992	2
32	4780706	1.593569	-82.173	97.446	0.852	0.900	0.804	0.979	2
33	4835251	1.611750	-177.480	178.702	0.630	0.521	0.738	0.987	3
34	5078976	1.692992	-161.596	176.870	0.661	0.690	0.631	0.989	7
35	5443265	1.814422	86.144	-83.700	0.843	0.852	0.833	0.986	4
36	5452099	1.817366	166.789	-144.795	0.693	0.533	0.853	0.983	6
37	5801797	1.933932	-213.221	233.688	0.741	0.771	0.710	0.988	8
38	5947770	1.982590	-123.717	121.884	0.911	0.920	0.902	0.982	9
39	5999696	1.999899	178.091	-153.653	0.775	0.751	0.800	0.965	3
40	6233270	2.077757	179.008	-158.236	0.693	0.588	0.797	0.933	2
41	6690186	2.230062	-145.711	148.766	0.699	0.833	0.565	0.994	9
42	6697799	2.232600	-163.429	178.397	0.687	0.641	0.734	0.990	2
43	6989967	2.329989	111.804	-111.193	0.789	0.736	0.843	0.993	6
44	7081552	2.360517	-159.152	181.146	0.672	0.700	0.645	0.993	3
45	7178195	2.392732	182.674	-156.708	0.769	0.726	0.811	0.991	7
46	7279513	2.426504	-108.443	118.524	0.658	0.779	0.537	0.977	2
47	7380368	2.460123	111.498	-113.636	0.811	0.754	0.867	0.991	5
48	7392819	2.464273	125.244	-113.636	0.869	0.858	0.879	0.990	7
49	7624875	2.541625	41.239	-17.717	0.870	0.854	0.886	0.994	9
50	7691676	2.563892	-157.014	176.870	0.607	0.709	0.504	0.990	3
51	7948449	2.649483	-116.080	124.939	0.717	0.840	0.595	0.992	6
52	8005373	2.668458	-167.400	87.977	0.612	0.514	0.710	0.986	2
53	8256051	2.752017	-109.054	111.193	0.665	0.783	0.547	0.989	8
54	8294594	2.764865	162.512	-142.656	0.855	0.825	0.885	0.992	9
55	8500949	2.833650	133.187	-113.025	0.815	0.774	0.856	0.991	7
56	8559224	2.853075	184.506	-161.290	0.712	0.689	0.735	0.988	6
57	8581527	2.860509	-87.977	86.755	0.811	0.859	0.763	0.991	2
58	8894082	2.964694	-115.469	127.077	0.855	0.886	0.824	0.992	9
59	8904809	2.968270	-32.380	-35.740	0.770	0.797	0.742	0.972	3
60	8955721	2.985240	-87.060	76.979	0.908	0.921	0.895	0.993	7
61	9015103	3.005034	87.366	-79.423	0.736	0.752	0.719	0.992	3
62	9225750	3.075250	-163.429	176.870	0.704	0.678	0.730	0.993	7
63	9228600	3.076200	-167.400	167.705	0.834	0.825	0.843	0.991	8
64	9330523	3.110174	-92.253	-84.616	0.743	0.855	0.630	0.992	2
65	9528939	3.176313	-172.898	179.924	0.596	0.586	0.606	0.994	5
66	9831147	3.277049	-148.460	141.740	0.819	0.871	0.766	0.993	8
67	10072984	3.357661	-160.374	177.786	0.700	0.710	0.690	0.990	8
68	10129055	3.376352	183.590	-163.429	0.576	0.632	0.521	0.963	4
69	10278484	3.426161	-96.530	-95.613	0.514	0.541	0.488	0.947	2
70	10339705	3.446568	-150.599	176.870	0.640	0.730	0.549	0.991	8
71	10523152	3.507717	87.671	-151.515	0.778	0.754	0.802	0.993	3
72	10614933	3.538311	234.299	-220.247	0.777	0.803	0.751	0.993	10
73	10626299	3.542100	-146.933	172.593	0.679	0.782	0.576	0.991	8
74	10773712	3.591237	-156.403	180.535	0.597	0.681	0.513	0.988	5
75	10779112	3.593037	-148.460	143.267	0.828	0.867	0.788	0.995	9
76	10788574	3.596191	-190.005	183.284	0.637	0.631	0.643	0.991	7
77	11110667	3.703556	-166.483	183.590	0.670	0.643	0.696	0.995	8
78	11159756	3.719919	-87.366	-1.222	0.901	0.903	0.900	0.991	3
79	11306035	3.768678	-116.080	128.605	0.840	0.863	0.817	0.991	9
80	11332808	3.777603	-106.916	107.527	0.704	0.820	0.588	0.959	2
81	11362087	3.787362	234.910	-215.054	0.766	0.817	0.715	0.990	8
82	11435385	3.811795	-96.835	-90.115	0.652	0.700	0.604	0.989	2
83	11463130	3.821043	-143.267	170.760	0.756	0.806	0.705	0.988	8
84	11601305	3.867102	-175.953	180.535	0.604	0.527	0.680	0.989	3
85	11765882	3.921961	-121.884	106.916	0.834	0.882	0.786	0.927	5
86	11887930	3.962643	-116.997	118.829	0.836	0.885	0.787	0.992	9
87	11924462	3.974821	234.299	-215.665	0.742	0.779	0.704	0.960	5
88	12034838	4.011613	-151.515	144.184	0.893	0.886	0.899	0.995	8
89	12093214	4.031071	-158.541	143.878	0.826	0.899	0.752	0.994	8
90	12114396	4.038132	-159.763	228.495	0.708	0.796	0.620	0.987	9
91	12372927	4.124309	85.227	-91.337	0.805	0.804	0.806	0.982	3
92	12565880	4.188627	-153.043	175.953	0.734	0.790	0.677	0.992	4
93	12623192	4.207731	-174.426	184.201	0.626	0.575	0.677	0.970	8
94	12856920	4.285640	-157.625	170.149	0.680	0.764	0.597	0.994	8
95	12946403	4.315468	87.060	-86.449	0.829	0.795	0.864	0.989	4
96	13100849	4.366950	-155.181	177.175	0.746	0.809	0.683	0.988	4
97	13168048	4.389349	-168.316	184.201	0.679	0.722	0.635	0.993	8
98	13222333	4.407444	-116.691	115.775	0.479	0.472	0.486	0.970	2
99	13322313	4.440771	-126.466	145.406	0.838	0.873	0.803	0.994	9
100	13368976	4.456325	-173.509	184.201	0.586	0.513	0.660	0.983	7
101	13485440	4.495147	-163.123	180.230	0.722	0.746	0.699	0.988	8
102	13514286	4.504762	-116.691	127.994	0.841	0.880	0.801	0.994	9
103	13586507	4.528836	100.501	-121.884	0.833	0.803	0.863	0.992	7
104	13632552	4.544184	123.717	-115.775	0.846	0.807	0.885	0.990	10
105	13647190	4.549063	85.838	-113.942	0.829	0.821	0.836	0.992	6
106	13728515	4.576172	-114.553	138.074	0.673	0.842	0.504	0.980	5
107	13917222	4.639074	-97.446	-90.420	0.608	0.723	0.493	0.987	2
108	14052105	4.684035	-77.285	99.279	0.818	0.905	0.730	0.987	6
109	14178920	4.726307	-108.443	105.083	0.887	0.915	0.859	0.991	9
110	14391623	4.797208	168.316	-146.628	0.662	0.539	0.785	0.987	4
111	14396155	4.798718	98.668	-107.527	0.865	0.861	0.870	0.994	9
112	14543108	4.847703	-215.054	233.993	0.771	0.773	0.768	0.991	7
113	14822206	4.940735	184.201	-153.653	0.822	0.817	0.826	0.991	9
114	14834309	4.944770	-108.443	118.524	0.775	0.854	0.695	0.990	9
115	14838946	4.946315	-166.178	175.953	0.542	0.589	0.495	0.990	3
116	14888062	4.962687	-83.089	8.553	0.812	0.898	0.727	0.990	2
117	14939609	4.979870	-157.625	179.619	0.599	0.672	0.527	0.989	3
118	15005107	5.001702	-48.570	18.023	0.921	0.923	0.918	0.991	9
119	15024956	5.008319	-145.711	174.731	0.690	0.806	0.573	0.983	7
120	15101650	5.033883	-139.602	179.008	0.545	0.610	0.481	0.981	5
121	15275792	5.091931	-152.432	178.091	0.754	0.821	0.686	0.985	8
122	15365320	5.121773	-159.457	179.619	0.732	0.817	0.647	0.991	3
123	15390844	5.130281	-88.587	75.758	0.848	0.871	0.824	0.992	3
124	15406501	5.135500	-110.887	93.170	0.880	0.875	0.885	0.991	5
125	15421772	5.140591	-172.593	186.339	0.621	0.592	0.650	0.990	9
126	15503086	5.167695	185.117	-152.432	0.764	0.711	0.816	0.902	6
127	15506026	5.168675	-85.227	-77.896	0.706	0.893	0.520	0.989	3
128	15555638	5.185213	-161.290	176.259	0.771	0.756	0.785	0.995	8
129	15685351	5.228450	-138.991	143.878	0.826	0.874	0.778	0.989	10
130	15774527	5.258176	-89.504	-79.423	0.701	0.830	0.573	0.993	2
131	15859618	5.286539	106.000	-96.835	0.685	0.633	0.737	0.989	4
132	15911747	5.303916	-214.137	233.993	0.821	0.809	0.834	0.984	5
133	15964388	5.321463	-162.512	181.452	0.584	0.503	0.664	0.993	3
134	16114747	5.371582	-116.080	122.495	0.732	0.848	0.616	0.991	9
135	16215549	5.405183	-172.287	164.040	0.885	0.861	0.909	0.994	10
136	16239801	5.413267	177.175	-138.991	0.663	0.499	0.826	0.915	2
137	16339782	5.446594	-176.259	222.691	0.553	0.587	0.519	0.987	9
138	16351457	5.450486	-109.971	117.913	0.588	0.699	0.478	0.988	2
139	16391479	5.463826	-163.429	182.979	0.655	0.638	0.672	0.971	3
140	16458329	5.486110	-95.308	-84.311	0.688	0.800	0.577	0.991	2
141	16588421	5.529474	167.705	-169.233	0.817	0.801	0.833	0.991	9
142	16612430	5.537477	-108.749	98.974	0.785	0.829	0.740	0.992	3
143	16713197	5.571066	126.161	-116.386	0.833	0.797	0.869	0.992	6
144	16745555	5.581852	-96.530	-90.115	0.641	0.690	0.593	0.971	2
145	16748735	5.582912	-155.181	163.734	0.864	0.874	0.853	0.995	9
146	16761354	5.587118	-114.247	127.077	0.810	0.851	0.769	0.990	8
147	16771727	5.590576	-23.216	-24.743	0.847	0.836	0.857	0.986	10
148	16859729	5.619910	122.801	-121.884	0.893	0.886	0.899	0.994	9
149	17053714	5.684571	-163.734	184.506	0.649	0.646	0.653	0.991	3
150	17175502	5.725167	-103.861	96.530	0.819	0.860	0.777	0.991	5
151	17335556	5.778519	-81.562	-78.812	0.688	0.739	0.636	0.803	2
152	17437417	5.812472	-85.227	-79.729	0.763	0.809	0.717	0.978	4
153	17753292	5.917764	-147.849	176.870	0.558	0.682	0.433	0.985	2
154	17806758	5.935586	-153.043	167.400	0.556	0.706	0.406	0.942	2
155	17890042	5.963347	-111.193	116.386	0.710	0.839	0.582	0.984	6
156	17897654	5.965885	-95.613	-89.504	0.731	0.767	0.695	0.974	2
157	17899658	5.966553	111.193	-121.884	0.725	0.723	0.727	0.993	2
158	18234035	6.078012	-84.311	-0.305	0.802	0.838	0.765	0.919	3
159	18350203	6.116734	-95.308	84.005	0.876	0.882	0.871	0.959	4
160	18373871	6.124624	42.766	-20.467	0.799	0.736	0.861	0.991	6
161	18378748	6.126249	-202.529	175.037	0.638	0.508	0.768	0.987	7
162	18390308	6.130103	-97.141	-92.253	0.623	0.700	0.546	0.970	3
163	18678661	6.226220	-164.956	184.201	0.702	0.687	0.716	0.971	3
164	18730601	6.243534	-100.196	3.666	0.756	0.859	0.653	0.994	3
165	18751511	6.250504	175.953	-149.071	0.823	0.810	0.837	0.986	8
166	18767220	6.255740	177.175	-158.541	0.824	0.821	0.826	0.990	8
167	18770045	6.256682	-214.748	233.993	0.792	0.776	0.807	0.979	5
168	18796831	6.265610	-110.887	113.636	0.500	0.560	0.440	0.833	2
169	18846925	6.282308	-144.795	132.270	0.885	0.896	0.874	0.995	9
170	18863302	6.287767	102.334	-112.720	0.883	0.866	0.900	0.994	9
171	18872128	6.290709	104.167	-132.270	0.630	0.684	0.577	0.993	4
172	18960960	6.320320	87.977	-93.781	0.834	0.859	0.808	0.991	2
173	18962827	6.320942	184.201	-158.847	0.734	0.727	0.742	0.980	5
174	19022352	6.340784	-158.236	179.924	0.587	0.566	0.607	0.989	2
175	19123697	6.374566	-158.847	182.979	0.546	0.533	0.559	0.986	3
176	19251578	6.417193	108.138	-109.054	0.784	0.746	0.823	0.993	3
177	19316202	6.438734	-169.844	182.674	0.645	0.582	0.708	0.989	7
178	19351933	6.450644	90.420	-82.173	0.836	0.813	0.859	0.986	2
179	19383921	6.461307	-214.137	234.604	0.811	0.822	0.800	0.931	9
180	19393999	6.464666	102.334	-140.518	0.891	0.888	0.895	0.957	9
181	19412184	6.470728	-173.509	179.313	0.535	0.460	0.610	0.991	2
182	19450254	6.483418	-80.340	-71.175	0.675	0.848	0.502	0.895	2
183	19453192	6.484397	-101.112	102.639	0.710	0.812	0.607	0.989	2
184	19507149	6.502383	-151.515	175.953	0.683	0.786	0.581	0.984	7
185	19575468	6.525156	-116.691	116.080	0.800	0.894	0.706	0.990	9
186	19682720	6.560907	-117.913	127.077	0.673	0.818	0.528	0.989	2
187	19710541	6.570180	-214.443	233.993	0.789	0.798	0.780	0.984	4
188	19711199	6.570400	-167.400	181.757	0.566	0.553	0.580	0.985	5
189	19903363	6.634454	-36.962	-65.371	0.713	0.750	0.677	0.976	2
190	19972003	6.657334	-172.287	178.702	0.475	0.447	0.503	0.989	2
191	20031903	6.677301	183.895	-158.541	0.752	0.762	0.742	0.989	5
192	20058114	6.686038	125.855	-129.216	0.815	0.782	0.849	0.993	9
193	20093422	6.697807	-150.904	173.204	0.673	0.796	0.550	0.991	8
194	20159618	6.719873	0.305	-23.216	0.849	0.822	0.875	0.993	6
195	20172811	6.724270	-76.674	88.282	0.816	0.884	0.749	0.989	2
196	20211915	6.737305	122.190	-117.608	0.889	0.885	0.893	0.993	9
197	20333915	6.777972	-97.141	-91.337	0.620	0.703	0.537	0.981	2
198	20401851	6.800617	-95.308	-91.948	0.667	0.700	0.635	0.990	3
199	20446976	6.815659	-215.054	234.299	0.796	0.821	0.771	0.978	4
200	20645020	6.881673	98.974	-148.155	0.756	0.716	0.796	0.994	2
201	20679722	6.893241	-70.565	-68.121	0.786	0.827	0.744	0.978	4
202	20686648	6.895549	-174.120	170.760	0.906	0.900	0.913	0.995	10
203	20705522	6.901841	163.734	-134.103	0.845	0.831	0.859	0.985	9
204	20809346	6.936449	-119.746	123.106	0.794	0.868	0.721	0.991	4
205	20874828	6.958276	-101.723	-2.749	0.865	0.883	0.847	0.994	5
206	20971560	6.990520	-153.043	163.429	0.739	0.815	0.662	0.993	4
207	21060408	7.020136	-215.359	233.382	0.742	0.745	0.739	0.953	5
208	21083753	7.027918	-96.835	83.700	0.934	0.934	0.934	0.993	10
209	21249720	7.083240	-200.696	207.417	0.591	0.590	0.593	0.990	4
210	21269524	7.089841	-215.665	234.910	0.842	0.838	0.847	0.991	9
211	21340684	7.113561	109.665	-133.492	0.654	0.539	0.769	0.982	2
212	21367302	7.122434	100.501	-112.720	0.903	0.900	0.906	0.993	9
213	21561000	7.187000	-93.781	99.279	0.786	0.845	0.727	0.990	8
214	21591934	7.197311	-215.054	234.604	0.833	0.828	0.839	0.994	6
215	21644464	7.214821	181.757	-157.319	0.695	0.671	0.719	0.982	6
216	21722868	7.240956	-85.227	86.449	0.906	0.930	0.882	0.989	8
217	21729886	7.243295	-118.524	123.106	0.696	0.810	0.582	0.988	3
218	21762983	7.254328	106.916	-107.527	0.784	0.735	0.833	0.988	2
219	21787263	7.262421	-96.835	-92.559	0.700	0.738	0.663	0.988	3
220	21800964	7.266988	-95.613	-90.115	0.709	0.751	0.667	0.989	4
221	21828125	7.276042	-131.659	116.691	0.721	0.830	0.613	0.990	3
222	21833003	7.277668	106.305	-108.138	0.780	0.711	0.848	0.991	2
223	21838270	7.279423	234.910	-229.717	0.686	0.784	0.587	0.991	8
224	21868676	7.289559	-96.530	-86.755	0.738	0.796	0.680	0.992	3
225	21900096	7.300032	108.443	-116.080	0.851	0.817	0.884	0.994	3
226	21934034	7.311345	111.498	-98.057	0.633	0.497	0.769	0.982	2
227	21959034	7.319678	-91.948	99.279	0.787	0.876	0.699	0.994	3
228	22002401	7.334134	-59.873	-11.303	0.779	0.857	0.700	0.979	8
229	22011168	7.337056	-119.135	127.383	0.884	0.893	0.874	0.993	9
230	22019841	7.339947	-180.535	186.339	0.767	0.759	0.774	0.991	10
231	22040993	7.346998	90.726	-107.832	0.815	0.809	0.821	0.991	7
232	22070120	7.356707	-111.498	123.106	0.682	0.744	0.621	0.989	5
233	22075151	7.358384	-120.357	121.884	0.904	0.917	0.890	0.992	10
234	22090771	7.363590	-37.573	-67.510	0.718	0.609	0.826	0.982	4
235	22173823	7.391274	-158.236	149.988	0.834	0.875	0.792	0.975	9
236	22198042	7.399347	-171.371	181.757	0.604	0.542	0.667	0.986	2
237	22223879	7.407960	-156.097	174.120	0.693	0.806	0.581	0.993	5
238	22240648	7.413549	125.244	-113.636	0.811	0.770	0.853	0.972	6
239	22289507	7.429836	-154.875	177.480	0.586	0.687	0.486	0.991	2
240	22308400	7.436133	-155.792	177.786	0.669	0.778	0.561	0.991	3
241	22352218	7.450739	-153.959	164.651	0.760	0.830	0.690	0.992	5
242	22370879	7.456960	108.749	-115.469	0.857	0.837	0.878	0.993	9
243	22396683	7.465561	-194.282	181.757	0.892	0.898	0.886	0.995	9
244	22402399	7.467466	161.596	-142.962	0.744	0.636	0.851	0.981	7
245	22424322	7.474774	-120.357	127.383	0.868	0.883	0.852	0.990	9
246	22436234	7.478745	-133.798	128.910	0.853	0.860	0.847	0.994	9
247	22564409	7.521470	-127.994	129.826	0.887	0.897	0.878	0.989	9
248	22578215	7.526072	-214.443	233.688	0.794	0.794	0.793	0.990	8
249	22668750	7.556250	119.135	-117.608	0.795	0.716	0.874	0.991	5
250	22678173	7.559391	-89.504	-85.838	0.762	0.803	0.722	0.978	5
251	22682055	7.560685	-83.089	-74.230	0.707	0.893	0.520	0.992	4
252	22692877	7.564292	87.977	-94.086	0.820	0.809	0.830	0.992	7
253	22697950	7.565983	-91.337	-87.060	0.770	0.797	0.744	0.983	2
254	22778199	7.592733	-157.930	178.397	0.657	0.719	0.596	0.980	8
255	22796935	7.598978	-161.290	176.870	0.684	0.801	0.567	0.971	5
256	22865448	7.621816	-150.599	173.509	0.744	0.824	0.664	0.995	5
257	23021881	7.673960	111.804	-104.472	0.730	0.654	0.805	0.986	2
258	23042003	7.680668	-97.752	84.616	0.886	0.873	0.899	0.987	3
259	23074831	7.691610	-156.403	179.008	0.608	0.530	0.687	0.964	3
260	23110052	7.703351	-214.443	234.604	0.761	0.753	0.768	0.831	2
261	23131972	7.710657	-152.126	156.097	0.888	0.882	0.894	0.993	9
262	23253876	7.751292	-156.097	176.870	0.712	0.773	0.651	0.978	5
263	23487029	7.829010	-155.792	181.146	0.611	0.598	0.623	0.989	2
264	23556148	7.852049	-174.120	189.394	0.630	0.641	0.618	0.992	4
265	23564876	7.854959	-171.982	189.088	0.595	0.576	0.614	0.953	2
266	23615896	7.871965	-155.486	181.146	0.733	0.793	0.672	0.994	9
267	23668740	7.889580	-97.141	-95.002	0.626	0.655	0.597	0.986	2
268	23704766	7.901589	-113.942	127.077	0.824	0.860	0.788	0.994	9
269	23717132	7.905711	-84.922	76.674	0.745	0.821	0.668	0.995	2
270	23734797	7.911599	232.466	-216.276	0.606	0.689	0.522	0.988	7
271	23773293	7.924431	128.910	-117.913	0.899	0.900	0.897	0.993	9
272	23801432	7.933811	-145.406	129.216	0.904	0.916	0.891	0.987	10
273	23815088	7.938363	-235.521	234.299	0.615	0.534	0.696	0.984	8
274	23839309	7.946436	-160.068	180.841	0.705	0.712	0.698	0.985	5
275	23850938	7.950313	-124.328	133.187	0.822	0.878	0.766	0.989	9
276	23970046	7.990015	-152.126	182.368	0.782	0.817	0.747	0.989	8
277	23985392	7.995131	81.867	-65.982	0.683	0.584	0.782	0.992	2
278	24030881	8.010294	-156.403	98.057	0.627	0.663	0.591	0.990	2
279	24047165	8.015722	87.060	-134.103	0.686	0.649	0.722	0.808	2
280	24053182	8.017727	-156.403	177.175	0.648	0.614	0.681	0.993	6
281	24141094	8.047031	-99.585	-0.916	0.653	0.724	0.581	0.991	3
282	24234982	8.078327	-113.025	114.858	0.767	0.873	0.660	0.985	9
283	24395203	8.131734	-214.137	234.299	0.768	0.764	0.771	0.943	5
284	24425837	8.141946	-112.720	126.772	0.790	0.861	0.720	0.986	9
285	24467305	8.155768	-113.331	119.746	0.708	0.821	0.596	0.990	9
286	24492781	8.164260	-152.432	177.175	0.621	0.723	0.518	0.990	2
287	24613848	8.204616	-94.697	-88.282	0.568	0.659	0.476	0.979	2
288	24633645	8.211215	115.164	-133.187	0.810	0.743	0.877	0.993	3
289	24639666	8.213222	87.060	-96.224	0.788	0.793	0.783	0.991	3
290	24679803	8.226601	89.198	-79.729	0.780	0.720	0.840	0.995	2
291	24708351	8.236117	-113.636	88.893	0.822	0.875	0.769	0.994	9
292	24709424	8.236475	-76.979	-69.648	0.757	0.854	0.660	0.953	2
293	24751227	8.250409	-162.207	184.201	0.645	0.667	0.624	0.984	3
294	24758395	8.252798	-96.530	-92.864	0.653	0.695	0.611	0.946	2
295	24824785	8.274928	-96.835	-92.253	0.659	0.724	0.593	0.974	4
296	24839951	8.279984	37.573	-27.187	0.791	0.687	0.894	0.992	7
297	24876731	8.292244	-108.443	118.218	0.604	0.731	0.477	0.985	2
298	24911120	8.303707	-120.357	127.383	0.851	0.868	0.834	0.991	9
299	24914162	8.304721	-166.789	179.313	0.658	0.597	0.719	0.987	4
300	24920477	8.306826	-147.849	146.017	0.848	0.869	0.827	0.993	9
301	24959410	8.319803	182.368	-155.486	0.752	0.684	0.819	0.970	2
302	25033606	8.344535	-96.224	-94.391	0.603	0.618	0.589	0.986	2
303	25041976	8.347325	85.838	-85.838	0.740	0.803	0.677	0.968	2
304	25130498	8.376833	-91.337	-19.856	0.885	0.920	0.849	0.993	4
305	25143908	8.381303	-67.510	-63.539	0.746	0.873	0.619	0.953	5
306	25191001	8.397000	-114.247	102.945	0.800	0.874	0.726	0.981	2
307	25228702	8.409567	-96.530	-93.170	0.602	0.669	0.535	0.928	2
308	25266266	8.422089	115.164	-113.025	0.766	0.682	0.850	0.970	2
309	25300617	8.433539	-179.619	180.535	0.782	0.807	0.757	0.993	8
310	25346153	8.448718	-88.587	-84.005	0.726	0.780	0.672	0.991	2
311	25355953	8.451984	-27.798	27.798	0.657	0.561	0.753	0.864	2
312	25357723	8.452574	40.323	-25.965	0.681	0.504	0.857	0.991	2
313	25387225	8.462408	-192.143	177.175	0.829	0.815	0.844	0.992	10
314	25404819	8.468273	-214.443	227.578	0.488	0.419	0.558	0.975	2
315	25465396	8.488465	-154.875	178.091	0.631	0.787	0.475	0.986	2
316	25483390	8.494463	-123.717	126.772	0.831	0.863	0.799	0.991	9
317	25498056	8.499352	-156.403	167.094	0.799	0.845	0.752	0.991	10
318	25594028	8.531343	80.645	-73.008	0.882	0.873	0.891	0.936	2
319	25597959	8.532653	-33.908	-63.844	0.869	0.840	0.897	0.994	9
320	25606881	8.535627	102.639	-110.276	0.823	0.804	0.842	0.991	6
321	25613725	8.537908	90.726	-108.443	0.733	0.793	0.672	0.981	2
322	25652433	8.550811	-164.040	182.063	0.605	0.506	0.704	0.987	5
323	25663664	8.554555	111.804	-77.590	0.585	0.410	0.760	0.865	3
324	25711699	8.570566	-166.178	178.702	0.647	0.631	0.664	0.991	7
325	25775713	8.591904	-197.642	206.500	0.533	0.536	0.530	0.937	2
326	25815265	8.605088	-156.097	164.345	0.582	0.735	0.428	0.991	4
327	25823736	8.607912	94.086	-111.193	0.821	0.811	0.831	0.989	6
328	25827154	8.609051	-138.991	145.711	0.607	0.808	0.405	0.979	2
329	25859075	8.619692	85.533	-103.250	0.850	0.864	0.837	0.963	9
330	25896405	8.632135	-193.671	182.063	0.930	0.921	0.938	0.995	9
331	26040147	8.680049	-174.731	177.786	0.803	0.796	0.809	0.992	8
332	26098263	8.699421	166.483	-142.045	0.815	0.765	0.864	0.986	9
333	26134256	8.711419	-86.144	27.493	0.904	0.925	0.883	0.989	4
334	26137385	8.712462	-156.708	184.201	0.661	0.711	0.612	0.991	5
335	26160795	8.720265	-43.072	-69.648	0.685	0.576	0.795	0.736	5
336	26187515	8.729172	-108.138	121.884	0.631	0.762	0.499	0.992	3
337	26201574	8.733858	-122.190	104.167	0.914	0.930	0.899	0.989	10
338	26209523	8.736508	184.812	-163.429	0.690	0.685	0.695	0.992	5
339	26211445	8.737148	-201.613	174.426	0.544	0.452	0.635	0.993	4
340	26215265	8.738422	-96.835	-93.170	0.574	0.642	0.505	0.933	2
341	26238868	8.746289	138.380	-25.049	0.774	0.679	0.870	0.990	5
342	26259180	8.753060	-115.164	127.383	0.819	0.867	0.770	0.986	9
343	26344270	8.781423	-111.498	89.504	0.825	0.884	0.766	0.988	4
344	26417858	8.805953	-155.792	234.299	0.633	0.693	0.573	0.987	5
345	26422072	8.807357	-161.596	177.175	0.705	0.686	0.724	0.989	5
346	26442336	8.814112	-109.971	113.331	0.696	0.826	0.566	0.985	7
347	26550060	8.850020	-158.847	173.815	0.643	0.749	0.538	0.986	8
348	26640422	8.880141	-163.429	184.812	0.705	0.729	0.681	0.993	8
349	26648528	8.882843	36.962	-26.882	0.837	0.784	0.890	0.993	9
350	26668684	8.889561	-154.264	230.938	0.624	0.710	0.539	0.988	3
351	26687693	8.895898	-69.954	-64.455	0.676	0.819	0.533	0.814	3
352	26713722	8.904574	123.412	-117.913	0.911	0.903	0.920	0.994	9
353	26736984	8.912328	37.268	-18.023	0.847	0.823	0.870	0.989	9
354	26746062	8.915354	-148.460	153.348	0.614	0.808	0.419	0.994	2
355	26781903	8.927301	-215.359	233.993	0.837	0.840	0.834	0.872	2
356	26791932	8.930644	-98.668	-90.115	0.689	0.801	0.577	0.992	4
357	26805311	8.935104	37.573	-21.383	0.793	0.747	0.838	0.993	4
358	26806354	8.935451	-118.524	87.060	0.905	0.904	0.905	0.991	8
359	26825659	8.941886	-119.440	120.968	0.642	0.718	0.565	0.989	2
360	26840542	8.946847	-186.034	179.619	0.735	0.742	0.727	0.991	10
361	26849846	8.949949	-124.633	111.804	0.832	0.874	0.789	0.984	10
362	26857188	8.952396	-96.835	-92.864	0.629	0.662	0.596	0.929	3
363	26858246	8.952749	-114.247	127.688	0.791	0.843	0.739	0.992	9
364	26861231	8.953744	-116.691	126.466	0.759	0.844	0.675	0.991	7
365	26884425	8.961475	-215.054	233.993	0.777	0.769	0.785	0.991	4
366	26915711	8.971904	125.244	-116.080	0.795	0.725	0.865	0.995	8
367	26941535	8.980512	109.054	-115.469	0.832	0.785	0.880	0.985	9
368	26964292	8.988097	-111.193	118.218	0.776	0.855	0.697	0.979	8
369	26970622	8.990207	-152.126	178.397	0.723	0.749	0.697	0.993	6
370	26976989	8.992330	125.244	-120.968	0.870	0.845	0.895	0.993	6
371	27000241	9.000080	-70.870	-68.426	0.736	0.781	0.692	0.990	3
372	27026496	9.008832	-147.239	165.261	0.650	0.798	0.501	0.988	6
373	27072721	9.024240	-113.942	117.913	0.716	0.833	0.599	0.994	9
374	27080657	9.026886	-102.334	113.331	0.659	0.706	0.612	0.990	6
375	27083321	9.027774	-29.020	28.104	0.861	0.842	0.880	0.996	4
376	27098128	9.032709	-99.585	84.005	0.879	0.878	0.881	0.988	4
377	27146382	9.048794	-22.605	-29.631	0.842	0.835	0.849	0.989	8
378	27187644	9.062548	112.109	-119.746	0.796	0.740	0.853	0.988	7
379	27247680	9.082560	-142.962	137.158	0.842	0.860	0.824	0.994	9
380	27254523	9.084841	-98.974	-95.308	0.637	0.736	0.538	0.960	2
381	27284414	9.094805	184.201	-156.708	0.727	0.743	0.711	0.992	3
382	27294633	9.098211	236.131	235.826	0.643	0.647	0.638	0.917	3
383	27302926	9.100975	-162.818	175.342	0.760	0.775	0.745	0.994	5
384	27313976	9.104659	-156.097	183.284	0.635	0.683	0.586	0.981	6
385	27330254	9.110085	-101.417	58.651	0.884	0.921	0.847	0.992	7
386	27341348	9.113783	-200.696	208.639	0.520	0.599	0.442	0.987	2
387	27357965	9.119322	-215.054	233.993	0.812	0.805	0.819	0.976	4
388	27394741	9.131580	-142.045	172.593	0.724	0.772	0.676	0.989	4
389	27413583	9.137861	-113.942	124.328	0.812	0.862	0.761	0.996	9
390	27421688	9.140563	-214.137	234.910	0.783	0.784	0.781	0.968	7
391	27488622	9.162874	40.323	-28.104	0.855	0.824	0.886	0.994	9
392	27546983	9.182328	-20.467	29.631	0.860	0.846	0.874	0.993	9
393	27557554	9.185851	162.207	-141.129	0.856	0.838	0.875	0.990	10
394	27561472	9.187157	3.971	-44.294	0.819	0.793	0.846	0.993	5
395	27639008	9.213003	-108.749	121.273	0.673	0.781	0.564	0.980	5
396	27674640	9.224880	13.135	-85.838	0.700	0.701	0.699	0.990	2
397	27724240	9.241413	-160.679	182.979	0.778	0.787	0.770	0.984	10
398	27737148	9.245716	-61.706	-64.761	0.657	0.556	0.759	0.963	2
399	27738383	9.246128	87.977	-132.881	0.796	0.805	0.788	0.992	2
400	27755941	9.251980	102.945	-104.167	0.722	0.657	0.787	0.886	2
401	27775563	9.258521	183.590	-153.043	0.619	0.542	0.695	0.801	3
402	27782609	9.260870	-157.319	166.483	0.836	0.838	0.833	0.991	9
403	27824181	9.274727	-72.703	-68.121	0.612	0.682	0.543	0.963	2
404	27850805	9.283602	-78.201	-69.648	0.736	0.873	0.598	0.978	2
405	27856229	9.285410	-66.288	235.521	0.747	0.760	0.734	0.982	4
406	27861386	9.287129	-77.590	-19.245	0.794	0.905	0.682	0.993	3
407	27884033	9.294678	-36.351	-65.066	0.833	0.837	0.828	0.992	8
408	27901726	9.300575	-79.729	92.253	0.831	0.901	0.762	0.978	6
409	27974263	9.324754	-70.259	-65.982	0.692	0.820	0.565	0.992	2
410	28014027	9.338009	-112.720	113.942	0.871	0.875	0.867	0.996	9
411	28057426	9.352475	86.144	-80.951	0.850	0.858	0.842	0.991	2
412	28097891	9.365964	82.478	-98.974	0.778	0.860	0.695	0.992	3
413	28099803	9.366601	-36.962	-65.982	0.861	0.847	0.874	0.989	9
414	28111853	9.370618	-31.769	40.017	0.896	0.910	0.882	0.992	10
415	28119700	9.373233	96.224	-105.083	0.888	0.894	0.882	0.995	9
416	28149391	9.383130	-124.022	126.161	0.890	0.912	0.867	0.992	9
417	28216213	9.405404	-33.297	-63.844	0.877	0.864	0.891	0.995	8
418	28245012	9.415004	144.489	-122.495	0.800	0.733	0.866	0.993	4
419	28248352	9.416117	-61.400	19.856	0.881	0.931	0.831	0.980	5
420	28251938	9.417313	177.480	-153.043	0.755	0.726	0.784	0.993	4
421	28325814	9.441938	235.215	234.910	0.473	0.518	0.428	0.989	2
422	28327946	9.442649	-114.247	126.772	0.844	0.892	0.796	0.993	8
423	28332781	9.444260	-215.054	233.077	0.778	0.791	0.765	0.971	7
424	28407298	9.469099	-91.337	-19.856	0.885	0.920	0.849	0.993	4
425	28444257	9.481419	4.888	-41.850	0.715	0.816	0.614	0.992	5
426	28476869	9.492290	30.547	-21.383	0.826	0.777	0.875	0.992	9
427	28480046	9.493349	80.951	-69.343	0.846	0.827	0.864	0.916	2
428	28483711	9.494570	-69.648	-67.204	0.705	0.731	0.679	0.992	3
429	28497954	9.499318	-113.942	83.700	0.867	0.893	0.841	0.992	3
430	28552882	9.517627	42.766	-24.743	0.799	0.724	0.875	0.993	5
431	28580154	9.526718	-90.115	94.391	0.728	0.860	0.596	0.990	2
432	28585067	9.528356	-68.121	-62.928	0.716	0.868	0.564	0.993	2
433	28586560	9.528853	41.544	-23.522	0.814	0.767	0.861	0.985	3
434	28589704	9.529901	136.241	-28.104	0.762	0.656	0.867	0.993	4
435	28611434	9.537145	136.547	-27.798	0.727	0.644	0.810	0.990	2
436	28653165	9.551055	-45.210	-67.204	0.784	0.762	0.807	0.733	6
437	28665466	9.555155	-142.962	153.959	0.835	0.835	0.835	0.994	7
438	28667944	9.555981	80.951	-70.565	0.850	0.853	0.846	0.832	2
439	28676957	9.558986	-88.282	-80.951	0.805	0.864	0.746	0.970	6
440	28685304	9.561768	74.230	-81.867	0.900	0.894	0.907	0.969	4
441	28707249	9.569083	-94.391	-87.060	0.813	0.844	0.782	0.977	8
442	28709558	9.569853	-39.101	-65.677	0.798	0.755	0.841	0.995	4
443	28711560	9.570520	86.144	-112.720	0.839	0.859	0.818	0.989	4
444	28736034	9.578678	-35.130	39.712	0.847	0.848	0.846	0.991	5
445	28740006	9.580002	-59.567	15.274	0.806	0.876	0.735	0.993	5
446	28747852	9.582617	-105.083	108.443	0.604	0.672	0.537	0.992	2
447	28755009	9.585003	27.187	-22.911	0.827	0.788	0.866	0.995	8
448	28761081	9.587027	235.521	-33.908	0.792	0.723	0.861	0.992	2
449	28761082	9.587027	-33.908	-66.288	0.746	0.617	0.875	0.989	4
450	28777454	9.592485	-165.261	184.201	0.672	0.699	0.644	0.988	6
451	28783195	9.594398	-215.970	234.604	0.743	0.731	0.756	0.979	2
452	28798813	9.599604	-159.763	172.287	0.751	0.712	0.789	0.984	8
453	28802872	9.600957	120.662	-114.858	0.793	0.736	0.849	0.993	7
454	28827771	9.609257	-47.043	-66.288	0.698	0.739	0.657	0.804	3
455	28838946	9.612982	-110.276	120.968	0.672	0.810	0.534	0.989	2
456	28844932	9.614977	-101.112	113.942	0.544	0.552	0.535	0.990	2
457	28865258	9.621753	-167.705	186.645	0.540	0.526	0.554	0.992	5
458	28866582	9.622194	-59.567	-69.343	0.595	0.500	0.690	0.962	2
459	28881240	9.627080	113.636	-101.723	0.700	0.580	0.819	0.993	2
460	28885891	9.628630	84.311	-80.951	0.833	0.819	0.847	0.993	2
461	28905819	9.635273	35.130	-18.023	0.846	0.830	0.861	0.991	3
462	28905577	9.635192	39.406	-19.550	0.797	0.744	0.851	0.987	2
463	28945762	9.648587	40.323	-22.605	0.868	0.857	0.879	0.984	4
464	28950703	9.650234	-154.875	169.233	0.675	0.737	0.612	0.991	6
465	28955183	9.651728	235.521	234.910	0.632	0.644	0.620	0.961	2
466	28993029	9.664343	-34.824	-62.928	0.816	0.802	0.831	0.983	4
467	29004022	9.668007	-49.792	-65.982	0.644	0.541	0.747	0.990	2
468	29005485	9.668495	137.463	-150.293	0.869	0.863	0.875	0.964	9
469	29013072	9.671024	233.993	233.993	0.693	0.713	0.674	0.989	3
470	29033167	9.677722	233.382	-34.519	0.532	0.500	0.565	0.991	2
471	29043053	9.681018	-151.515	176.870	0.620	0.761	0.480	0.992	4
472	29045806	9.681935	38.795	-21.689	0.782	0.751	0.812	0.989	4
473	29049762	9.683254	-212.610	-212.610	0.661	0.661	0.662	0.886	3
474	29055271	9.685090	-120.357	127.688	0.836	0.881	0.792	0.993	6
475	29058131	9.686044	-83.089	25.354	0.910	0.928	0.892	0.991	7
476	29061907	9.687302	102.639	-143.267	0.877	0.873	0.882	0.988	5
477	29080631	9.693544	235.826	234.299	0.583	0.628	0.538	0.989	2
478	29090696	9.696899	-58.957	-66.899	0.707	0.525	0.890	0.845	2
479	29104913	9.701638	-60.789	-70.565	0.657	0.515	0.798	0.958	2
480	29125055	9.708352	-62.011	-70.259	0.635	0.532	0.738	0.875	2
481	29140999	9.713666	38.795	-25.049	0.760	0.722	0.799	0.995	5
482	29144801	9.714934	-211.999	235.215	0.669	0.671	0.667	0.977	2
483	29155273	9.718424	-48.570	-61.095	0.834	0.874	0.794	0.981	4
484	29162755	9.720918	136.547	-128.910	0.817	0.763	0.870	0.984	2
485	29162924	9.720975	160.374	-128.910	0.743	0.625	0.861	0.989	2
486	29164871	9.721624	41.850	-65.677	0.892	0.879	0.906	0.993	2
487	29169075	9.723025	-76.674	83.700	0.897	0.904	0.889	0.994	6
488	29178296	9.726099	20.772	-42.766	0.766	0.688	0.844	0.991	6
489	29187262	9.729087	-155.486	161.290	0.761	0.845	0.676	0.987	6
490	29214372	9.738124	-32.380	-63.844	0.905	0.880	0.929	0.993	9
491	29229283	9.743094	99.890	-116.386	0.902	0.883	0.920	0.994	9
492	29233580	9.744527	41.544	-22.911	0.804	0.775	0.833	0.988	2
493	29243529	9.747843	74.536	-66.288	0.889	0.864	0.913	0.993	2
494	29246183	9.748728	2.749	-44.599	0.624	0.431	0.817	0.990	2
495	29252451	9.750817	-60.178	-70.259	0.705	0.567	0.843	0.986	2
496	29255620	9.751873	123.412	-125.855	0.927	0.923	0.932	0.994	9
497	29259858	9.753286	-15.274	-45.210	0.699	0.605	0.793	0.986	3
498	29265068	9.755023	-65.982	-62.622	0.728	0.857	0.598	0.961	6
499	29275061	9.758354	-153.959	178.397	0.533	0.575	0.491	0.980	2
500	29286100	9.762033	86.449	-93.781	0.801	0.865	0.737	0.978	3
501	29293165	9.764388	-88.893	-82.173	0.718	0.775	0.660	0.961	2
502	29296293	9.765431	93.475	-79.729	0.772	0.688	0.856	0.741	2
503	29315954	9.771985	-60.789	-69.954	0.705	0.601	0.810	0.956	2
504	29316855	9.772285	-82.478	-74.536	0.699	0.852	0.546	0.994	2
505	29351199	9.783733	40.323	-25.660	0.766	0.666	0.865	0.980	3
506	29371944	9.790648	-64.150	-71.786	0.785	0.723	0.848	0.973	5
507	29404641	9.801547	23.827	-45.210	0.866	0.845	0.887	0.989	7
508	29420409	9.806803	24.438	-89.504	0.742	0.631	0.852	0.970	2
509	29420809	9.806936	-61.095	-69.648	0.701	0.624	0.777	0.984	2
510	29421802	9.807267	-61.095	-70.259	0.707	0.640	0.774	0.984	4
511	29463457	9.821152	125.244	-117.302	0.797	0.720	0.874	0.993	8
512	29490576	9.830192	86.144	-108.749	0.884	0.892	0.875	0.994	4
513	29542850	9.847617	-59.262	-68.732	0.632	0.463	0.801	0.914	2
514	29575541	9.858514	104.778	-110.582	0.849	0.810	0.888	0.962	6
515	29639781	9.879927	134.103	-144.184	0.885	0.878	0.892	0.993	9
516	29700015	9.900005	-62.622	-69.037	0.605	0.466	0.743	0.984	2
517	29710777	9.903592	96.530	-139.296	0.868	0.904	0.833	0.992	2
518	29778462	9.926154	-65.066	-65.677	0.765	0.750	0.779	0.994	4
519	29881997	9.960666	-85.838	-81.562	0.719	0.762	0.675	0.961	2
520	29899191	9.966397	98.668	-144.489	0.890	0.909	0.870	0.993	9
521	29911254	9.970418	-38.795	-58.040	0.880	0.895	0.866	0.918	7
522	29983348	9.994449	235.215	235.215	0.457	0.494	0.419	0.974	2
